#bin	name	chrom	strand	txStart	txEnd	cdsStart	cdsEnd	exonCount	exonStarts	exonSEnds	score	name2	cdsStartStat	cdsEndStat	exonFrames
57190	SELENON;NM_020451.2	1	+	26126671	26142259	26126671	26142259	13	26126671,26127483,26128456,26131582,26135020,26135466,26136123,26137894,26138131,26139127,26140321,26140517,26141988	26126954,26127701,26128658,26131816,26135330,26135691,26136361,26138076,26138420,26139333,26140534,26140719,26142259	nan	SELENON	nan	nan	0,0,0,0,0,0,0,0,0,0,0,0,0
55624	POMGNT1;NM_001243766.1	1	-	46654340	46663543	46654340	46663543	22	46654340,46654863,46655105,46655475,46656094,46656341,46657719,46657929,46658139,46658521,46658795,46658926,46659185,46659476,46659895,46660174,46660465,46661432,46661633,46662352,46662591,46663323	46654702,46655079,46655289,46655711,46656239,46656506,46657945,46658158,46658312,46658680,46658937,46659110,46659361,46659647,46660123,46660373,46660683,46661646,46661799,46662571,46662806,46663543	nan	POMGNT1	nan	nan	0,0,0,0,0,0,0,0,0,0,0,0,0,0,0,0,0,0,0,0,0,0
7170	TPM3;NM_152263.3	1	-	154140362	154164544	154140362	154164544	10	154140362,154141730,154142825,154143074,154143838,154145333,154145509,154148540,154163611,154164327	154140466,154141909,154142995,154143237,154144014,154145504,154145727,154148774,154163837,154164544	nan	TPM3	nan	nan	0,0,0,0,0,0,0,0,0,0
54344	DPM3;NM_153741.1	1	-	155112387	155112766	155112387	155112766	1	155112387	155112766	nan	DPM3	nan	nan	0
55154	MSTO1;NM_018116.3	1	+	155579989	155584114	155579989	155584114	14	155579989,155580165,155580779,155580956,155581289,155581429,155581723,155581922,155582158,155582584,155582789,155583202,155583397,155583799	155580173,155580401,155580949,155581132,155581444,155581668,155581941,155582157,155582411,155582816,155583074,155583407,155583607,155584114	nan	MSTO1	nan	nan	0,0,0,0,0,0,0,0,0,0,0,0,0,0
779	CACNA1S;NM_000069.2	1	-	201008908	201081517	201008908	201081517	44	201008908,201009308,201009699,201010581,201012358,201013405,201016192,201016602,201017659,201018080,201019466,201020061,201021634,201022286,201022536,201023582,201027485,201028266,201029735,201030344,201031021,201031539,201034915,201035306,201035964,201038214,201038549,201039349,201041832,201042626,201043583,201044572,201045997,201046956,201052239,201054027,201054513,201056903,201058335,201060717,201061049,201062959,201079241,201081265	201009260,201009552,201009891,201010767,201012709,201013634,201016417,201016804,201017862,201018277,201019694,201020321,201021826,201022452,201022765,201023739,201027669,201028477,201029994,201030646,201031268,201031692,201035123,201035494,201036171,201038374,201038779,201039582,201042002,201042820,201043798,201044793,201046305,201047282,201052500,201054209,201054759,201057107,201058641,201060970,201061292,201063199,201079447,201081517	nan	CACNA1S	nan	nan	0,0,0,0,0,0,0,0,0,0,0,0,0,0,0,0,0,0,0,0,0,0,0,0,0,0,0,0,0,0,0,0,0,0,0,0,0,0,0,0,0,0,0,0
58	ACTA1;NM_001100.3	1	-	229567195	229568912	229567195	229568912	6	229567195,229567417,229567690,229567966,229568252,229568683	229567439,229567699,229567982,229568228,229568677,229568912	nan	ACTA1	nan	nan	0,0,0,0,0,0
148789	B3GALNT2;NM_152490.4	1	-	235613470	235667602	235613470	235667602	12	235613470,235616351,235617417,235618820,235621860,235628902,235634113,235643319,235647587,235652422,235657940,235667390	235613705,235616508,235617677,235619046,235622144,235629081,235634324,235643515,235647881,235652623,235658188,235667602	nan	B3GALNT2	nan	nan	0,0,0,0,0,0,0,0,0,0,0,0
274	BIN1;NM_139343.2	2	-	127806051	127864569	127806051	127864569	19	127806051,127807946,127808327,127808679,127809780,127810947,127811430,127814998,127816536,127819640,127821096,127821458,127825688,127826449,127827520,127828078,127828287,127834151,127864385	127806259,127808148,127808538,127808869,127809988,127811071,127811638,127815227,127816781,127819823,127821272,127821644,127825881,127826657,127827716,127828273,127828442,127834332,127864569	nan	BIN1	nan	nan	0,0,0,0,0,0,0,0,0,0,0,0,0,0,0,0,0,0,0
4703	NEB;NM_001271208.1	2	-	152342223	152589720	152342223	152589720	181	152342223,152346434,152346835,152348146,152348561,152348850,152349816,152350238,152350624,152352739,152353404,152354089,152354723,152355761,152357854,152359256,152359812,152361941,152362629,152363372,152364468,152369196,152370043,152370781,152371281,152372922,152374781,152375428,152376121,152380774,152380978,152381626,152382421,152382621,152383381,152383944,152385673,152387457,152388255,152389905,152390678,152392154,152393595,152394335,152394603,152396807,152397160,152397910,152402351,152402808,152403892,152404097,152404771,152406099,152408201,152409135,152409861,152410291,152411394,152417055,152417467,152417671,152418573,152419074,152420069,152420286,152421507,152421964,152422179,152423631,152424534,152424779,152425081,152425731,152426544,152426960,152432158,152432614,152435801,152437260,152437946,152438927,152439918,152441970,152442868,152443837,152446352,152447811,152448497,152449479,152450470,152452523,152453421,152454390,152456905,152458364,152459050,152460032,152461023,152463069,152463967,152464936,152466272,152466979,152467225,152468649,152470739,152472465,152473827,152474738,152475914,152477382,152481997,152483465,152483986,152486002,152487178,152487606,152490117,152492690,152495743,152496320,152496818,152499037,152499228,152499613,152500281,152500931,152502593,152506639,152507037,152510455,152511733,152512280,152512616,152514446,152515528,152518598,152520011,152520964,152521222,152521796,152522553,152524267,152525490,152527486,152528832,152530940,152531750,152534028,152534339,152536184,152536381,152537193,152539125,152541241,152543882,152544089,152544755,152547190,152548327,152548522,152548724,152550786,152550985,152552041,152553100,152553611,152553813,152554007,152563344,152566119,152566897,152573879,152579845,152580723,152581320,152581916,152584154,152586078,152589584	152342497,152346641,152347082,152348339,152348845,152349058,152350009,152350431,152350817,152352932,152353597,152354282,152354916,152355954,152358047,152359449,152360005,152362134,152362822,152363577,152364673,152369401,152370257,152370992,152371492,152373127,152374986,152375633,152376332,152380979,152381180,152381837,152382632,152382826,152383586,152384149,152385878,152387665,152388460,152390110,152390883,152392359,152393800,152394540,152394808,152397012,152397365,152398115,152402562,152403007,152404097,152404302,152404979,152406304,152408409,152409340,152410066,152410589,152411608,152417263,152417672,152417876,152418778,152419372,152420283,152420494,152421712,152422169,152422384,152424043,152424742,152424981,152425280,152425936,152426956,152427165,152432363,152432918,152436213,152437468,152438151,152439231,152440330,152442178,152443073,152444141,152446764,152448019,152448702,152449783,152450882,152452731,152453626,152454694,152457317,152458572,152459255,152460336,152461435,152463277,152464172,152465240,152466684,152467187,152467430,152468953,152471151,152472673,152474032,152475042,152476326,152477590,152482202,152483769,152484398,152486210,152487383,152487910,152490529,152492898,152495948,152496624,152497230,152499245,152499433,152499917,152500693,152501139,152502798,152506943,152507449,152510663,152511938,152512587,152513028,152514654,152515733,152518905,152520423,152521172,152521427,152522103,152522965,152524475,152525695,152527793,152529244,152531148,152531955,152534335,152534751,152536392,152536586,152537392,152539333,152541539,152544096,152544297,152544960,152547389,152548532,152548730,152548926,152551000,152551193,152552246,152553299,152553816,152554021,152554212,152563561,152566327,152567102,152574084,152580050,152580928,152581525,152582124,152584470,152586220,152589720	nan	NEB	nan	nan	0,0,0,0,0,0,0,0,0,0,0,0,0,0,0,0,0,0,0,0,0,0,0,0,0,0,0,0,0,0,0,0,0,0,0,0,0,0,0,0,0,0,0,0,0,0,0,0,0,0,0,0,0,0,0,0,0,0,0,0,0,0,0,0,0,0,0,0,0,0,0,0,0,0,0,0,0,0,0,0,0,0,0,0,0,0,0,0,0,0,0,0,0,0,0,0,0,0,0,0,0,0,0,0,0,0,0,0,0,0,0,0,0,0,0,0,0,0,0,0,0,0,0,0,0,0,0,0,0,0,0,0,0,0,0,0,0,0,0,0,0,0,0,0,0,0,0,0,0,0,0,0,0,0,0,0,0,0,0,0,0,0,0,0,0,0,0,0,0,0,0,0,0,0,0,0,0,0,0,0,0
10324	KLHL41;NM_006063.2	2	+	170366238	170382256	170366238	170382256	6	170366238,170371033,170371313,170374649,170377320,170382044	170367448,170371291,170371521,170374935,170377567,170382256	nan	KLHL41	nan	nan	0,0,0,0,0,0
7273	TTN;NM_001267550.2	2	-	179391688	179669419	179391688	179669419	362	179391688,179392122,179392950,179393204,179394636,179394917,179400658,179401614,179402018,179403216,179403622,179404058,179404744,179405958,179406940,179407338,179407745,179408510,179408877,179410064,179410496,179410888,179411276,179411679,179412083,179414246,179414662,179415643,179416306,179418178,179418590,179419129,179419541,179421524,179421929,179422324,179423017,179423987,179441205,179441599,179442278,179442664,179443287,179443482,179444237,179444615,179444998,179446175,179446582,179446972,179447616,179448283,179448952,179449345,179449748,179451181,179451794,179452192,179452575,179453214,179456275,179456654,179457055,179457451,179457849,179458244,179458637,179459020,179460183,179462214,179462584,179463182,179463424,179463822,179464230,179465530,179465941,179466334,179466558,179466678,179466958,179468552,179469384,179469663,179470090,179471697,179472077,179472461,179472854,179473282,179473884,179474360,179474766,179475669,179476048,179476434,179476733,179476953,179477449,179477837,179478427,179478728,179479142,179479523,179479983,179480317,179481155,179481405,179481796,179482001,179482455,179482865,179483260,179484297,179484664,179484893,179485391,179485778,179486151,179486516,179487346,179489141,179489949,179493977,179494917,179495480,179495710,179496823,179497202,179497594,179497863,179498089,179498493,179499042,179499399,179499841,179500116,179500639,179501074,179502045,179504375,179504724,179505217,179505917,179506913,179509224,179510596,179511161,179511740,179512057,179513924,179514230,179514493,179514840,179515427,179515919,179516129,179516342,179516560,179516772,179516940,179517134,179517329,179517524,179517717,179517914,179518103,179518297,179518493,179518688,179518884,179519121,179519421,179519588,179522174,179522363,179522557,179522753,179522948,179523144,179523381,179523681,179523848,179526435,179526624,179526818,179527014,179527209,179527405,179527642,179527942,179528109,179528303,179528495,179528691,179529136,179529330,179529528,179530053,179530384,179531500,179531912,179532118,179532314,179534049,179534268,179534894,179535766,179536647,179537083,179537311,179538309,179538990,179539715,179540347,179540597,179541877,179542297,179542801,179543090,179543423,179544015,179544275,179544570,179544930,179545755,179546052,179546337,179547373,179547887,179548675,179549006,179549342,179549582,179549929,179550194,179552787,179553353,179553729,179553966,179554191,179554489,179556692,179557173,179558285,179558598,179559275,179559505,179560024,179560541,179561797,179563519,179565796,179566204,179566716,179566844,179567130,179568823,179569186,179569553,179569850,179571130,179571538,179572202,179574242,179575311,179575738,179576620,179576991,179577373,179577761,179578573,179578968,179579662,179580169,179581771,179582199,179582619,179582998,179583371,179583840,179584230,179584659,179585061,179585597,179586523,179586935,179587335,179587722,179588094,179588532,179588936,179590044,179590444,179591766,179592261,179592786,179593176,179593567,179593964,179594340,179594769,179595181,179595601,179595981,179596369,179596742,179597116,179597510,179597915,179598290,179599004,179599383,179600187,179602758,179603817,179617800,179620898,179622218,179623660,179628853,179629203,179631057,179632435,179632690,179633349,179634355,179634736,179635088,179635887,179637785,179638138,179638514,179638883,179639597,179640032,179641825,179642096,179642380,179643550,179643905,179644676,179645797,179646888,179647215,179647482,179648396,179648746,179650296,179650524,179654036,179654654,179655384,179656748,179658080,179659075,179659598,179664163,179664501,179665071,179666814,179669228	179392084,179392525,179393204,179393996,179394893,179400626,179401352,179402020,179402694,179403616,179404028,179404743,179405147,179406361,179407340,179407726,179408439,179408892,179409283,179410470,179410893,179411279,179411682,179412082,179414250,179414646,179415050,179416037,179418173,179418584,179418993,179419529,179419929,179421921,179422332,179423012,179423414,179441193,179441608,179442287,179442675,179442962,179443492,179444170,179444625,179445006,179445386,179446581,179446985,179447369,179448004,179448683,179449355,179449745,179450124,179451584,179452194,179452577,179452996,179456281,179456669,179457054,179457437,179457860,179458252,179458644,179459019,179459423,179460586,179462596,179462835,179463431,179463839,179464222,179464627,179465948,179466341,179466564,179466691,179466927,179467367,179469082,179469675,179470072,179470490,179472091,179472462,179472858,179473254,179473685,179474347,179474763,179475166,179476048,179476454,179476731,179476939,179477353,179477849,179478053,179478714,179479125,179479530,179479745,179480261,179480565,179481407,179481790,179482011,179482289,179482858,179483268,179483630,179484664,179484889,179485402,179485770,179486145,179486518,179486785,179487544,179489508,179490173,179494220,179495144,179495720,179496077,179497190,179497569,179497821,179498103,179498453,179498860,179499406,179499626,179500081,179500492,179501018,179501576,179502196,179504565,179504887,179505407,179506092,179507094,179509393,179510807,179511336,179511921,179512241,179514108,179514408,179514671,179515048,179515611,179516097,179516313,179516526,179516744,179516956,179517124,179517318,179517513,179517708,179517901,179518098,179518284,179518478,179518674,179518872,179519068,179519311,179519605,179519772,179522358,179522544,179522738,179522934,179523132,179523328,179523571,179523865,179524032,179526619,179526805,179526999,179527195,179527393,179527589,179527832,179528126,179528293,179528487,179528679,179528875,179529314,179529514,179529703,179530237,179530568,179531678,179532096,179532302,179532498,179534224,179534452,179535072,179535947,179537044,179537258,179537480,179538487,179539186,179539890,179540531,179540772,179542064,179542694,179542985,179543274,179543607,179544193,179544459,179544832,179545108,179545948,179546227,179546515,179547680,179548068,179548859,179549190,179549526,179549766,179550107,179550375,179553001,179553555,179553913,179554150,179554372,179554673,179556876,179557357,179558466,179558785,179559453,179559683,179560187,179561046,179561945,179563691,179565980,179566364,179566843,179567022,179567440,179569184,179569554,179569743,179570134,179571516,179571731,179572590,179574633,179575699,179576126,179576999,179577370,179577752,179578149,179578952,179579350,179580041,179580551,179582159,179582587,179582998,179583377,179583750,179584228,179584609,179585041,179585440,179585979,179586911,179587323,179587714,179588101,179588473,179588920,179589315,179590426,179590823,179592148,179592640,179593174,179593555,179593946,179594343,179594722,179595148,179595569,179595980,179596360,179596748,179597124,179597495,179597898,179598294,179598669,179599383,179599765,179600851,179603137,179606698,179617957,179621574,179622693,179623949,179629079,179629588,179631389,179632701,179632932,179633710,179634716,179635097,179635452,179636248,179638146,179638502,179638887,179639250,179639979,179641826,179642094,179642361,179642752,179643895,179644239,179644982,179646040,179647204,179647379,179647841,179648562,179649128,179650519,179650918,179654274,179654892,179655622,179656974,179658318,179659328,179660029,179664508,179664687,179665459,179667118,179669419	nan	TTN	nan	nan	0,0,0,0,0,0,0,0,0,0,0,0,0,0,0,0,0,0,0,0,0,0,0,0,0,0,0,0,0,0,0,0,0,0,0,0,0,0,0,0,0,0,0,0,0,0,0,0,0,0,0,0,0,0,0,0,0,0,0,0,0,0,0,0,0,0,0,0,0,0,0,0,0,0,0,0,0,0,0,0,0,0,0,0,0,0,0,0,0,0,0,0,0,0,0,0,0,0,0,0,0,0,0,0,0,0,0,0,0,0,0,0,0,0,0,0,0,0,0,0,0,0,0,0,0,0,0,0,0,0,0,0,0,0,0,0,0,0,0,0,0,0,0,0,0,0,0,0,0,0,0,0,0,0,0,0,0,0,0,0,0,0,0,0,0,0,0,0,0,0,0,0,0,0,0,0,0,0,0,0,0,0,0,0,0,0,0,0,0,0,0,0,0,0,0,0,0,0,0,0,0,0,0,0,0,0,0,0,0,0,0,0,0,0,0,0,0,0,0,0,0,0,0,0,0,0,0,0,0,0,0,0,0,0,0,0,0,0,0,0,0,0,0,0,0,0,0,0,0,0,0,0,0,0,0,0,0,0,0,0,0,0,0,0,0,0,0,0,0,0,0,0,0,0,0,0,0,0,0,0,0,0,0,0,0,0,0,0,0,0,0,0,0,0,0,0,0,0,0,0,0,0,0,0,0,0,0,0,0,0,0,0,0,0,0,0,0,0,0,0,0,0,0,0,0,0,0,0,0,0,0,0,0,0,0,0,0,0,0,0,0,0,0,0,0,0,0,0,0,0,0,0,0,0,0,0,0,0,0,0,0,0
4632	MYL1;NM_079420.2	2	-	211155719	211179816	211155719	211179816	6	211155719,211158396,211158918,211163093,211167161,211179584	211155848,211158574,211159192,211163337,211167289,211179816	nan	MYL1	nan	nan	0,0,0,0,0,0
10290	SPEG;NM_005876.4	2	+	220299649	220357558	220299649	220357558	41	220299649,220309324,220309496,220312645,220315807,220316296,220326553,220326969,220329104,220331845,220333249,220333530,220333827,220336539,220336898,220337561,220338175,220338399,220341541,220341948,220342360,220342576,220343815,220344454,220344633,220345342,220345975,220346309,220347455,220347769,220350017,220352865,220353169,220353449,220353725,220354007,220355080,220355404,220356465,220356782,220357265	220300137,220309514,220309933,220314043,220316051,220316579,220326829,220327158,220329380,220332206,220333508,220333820,220334151,220336759,220337103,220337868,220338399,220338675,220341754,220342217,220342557,220342877,220343973,220344632,220344912,220345469,220346228,220346452,220347624,220349844,220350249,220353082,220353437,220353672,220353993,220354711,220355420,220355728,220356641,220357032,220357558	nan	SPEG	nan	nan	0,0,0,0,0,0,0,0,0,0,0,0,0,0,0,0,0,0,0,0,0,0,0,0,0,0,0,0,0,0,0,0,0,0,0,0,0,0,0,0,0
9427	ECEL1;NM_004826.3	2	-	233344812	233351413	233344812	233351413	17	233344812,233345058,233345377,233345750,233346165,233346441,233347077,233347209,233347510,233347764,233348075,233348660,233349131,233349460,233349640,233349858,233350527	233345012,233345235,233345573,233345916,233346390,233346609,233347229,233347368,233347714,233347939,233348274,233348983,233349356,233349653,233349851,233350027,233351413	nan	ECEL1	nan	nan	0,0,0,0,0,0,0,0,0,0,0,0,0,0,0,0,0
1293	COL6A3;NM_004369.3	2	-	238233366	238305510	238233366	238305510	43	238233366,238234152,238242042,238243218,238244727,238247607,238249044,238250657,238252942,238253533,238253650,238253773,238255095,238256399,238256941,238257205,238258739,238259722,238261114,238261933,238263491,238265930,238266409,238267113,238267627,238267798,238267954,238268680,238269713,238270331,238271845,238272942,238274290,238275279,238277155,238280324,238283004,238285364,238287228,238289507,238296174,238303179,238305319	238233507,238234417,238242241,238243582,238245225,238247810,238249843,238250854,238253536,238253645,238253787,238253906,238255258,238256562,238257077,238257356,238258902,238259885,238261277,238262096,238263627,238266084,238266575,238267276,238267781,238267943,238268081,238268852,238269867,238270524,238272091,238273121,238274728,238275979,238277870,238281030,238283713,238286037,238287928,238290192,238296877,238303897,238305510	nan	COL6A3	nan	nan	0,0,0,0,0,0,0,0,0,0,0,0,0,0,0,0,0,0,0,0,0,0,0,0,0,0,0,0,0,0,0,0,0,0,0,0,0,0,0,0,0,0,0
64419	MTMR14;NM_001077525.2	3	+	9691217	9743707	9691217	9743707	19	9691217,9695254,9703900,9710352,9711065,9712681,9714318,9718950,9719617,9724811,9726218,9726521,9726844,9729454,9730329,9730577,9731597,9739344,9743423	9691476,9695503,9704109,9710528,9711226,9712904,9714492,9719121,9719792,9724978,9726404,9726698,9726981,9729625,9730488,9730816,9731877,9739600,9743707	nan	MTMR14	nan	nan	0,0,0,0,0,0,0,0,0,0,0,0,0,0,0,0,0,0,0
131377	KLHL40;NM_152393.3	3	+	42727060	42733535	42727060	42733535	6	42727060,42729583,42730051,42730310,42732300,42733323	42728312,42729844,42730259,42730596,42732547,42733535	nan	KLHL40	nan	nan	0,0,0,0,0,0
84892	POMGNT2;NM_032806.5	3	-	43121130	43122973	43121130	43122973	1	43121130	43122973	nan	POMGNT2	nan	nan	0
1605	DAG1;NM_001165928.3	3	+	49547917	49570682	49547917	49570682	2	49547917,49568179	49548302,49570682	nan	DAG1	nan	nan	0,0
29925	GMPPB;NM_013334.3	3	-	49759134	49761209	49759134	49761209	8	49759134,49759613,49759814,49759978,49760354,49760636,49760774,49760980	49759630,49759841,49759993,49760237,49760597,49760785,49760955,49761209	nan	GMPPB	nan	nan	0,0,0,0,0,0,0,0
56203	LMOD3;NM_198271.4	3	-	69158195	69171587	69158195	69171587	3	69158195,69167799,69171193	69158322,69169261,69171587	nan	LMOD3	nan	nan	0,0,0
285489	DOK7;NM_173660.4	4	+	3465052	3495278	3465052	3495278	7	3465052,3465182,3475082,3478018,3487215,3491353,3494435	3465206,3465328,3475413,3478319,3487435,3491573,3495278	nan	DOK7	nan	nan	0,0,0,0,0,0,0
60684	TRAPPC11;NM_021942.5	4	+	184584970	184633847	184584970	184633847	29	184584970,184587359,184588162,184589105,184595815,184596266,184598560,184600455,184601222,184603834,184605077,184605247,184605407,184605798,184606186,184606373,184607720,184612418,184614062,184614691,184615019,184615706,184618605,184618781,184622799,184626081,184627909,184629509,184633702	184585274,184587629,184588333,184589320,184596015,184596440,184598757,184600689,184601470,184604028,184605257,184605426,184605562,184606044,184606348,184606606,184607951,184612674,184614350,184614940,184615241,184615926,184618771,184619038,184623011,184626273,184628143,184629777,184633847	nan	TRAPPC11	nan	nan	0,0,0,0,0,0,0,0,0,0,0,0,0,0,0,0,0,0,0,0,0,0,0,0,0,0,0,0,0
84466	MEGF10;NM_032446.2	5	+	126666950	126793060	126666950	126793060	24	126666950,126674761,126676171,126705551,126732173,126734317,126738187,126746030,126753279,126754761,126755685,126758311,126769004,126770328,126771002,126774080,126776380,126778639,126781098,126783198,126784740,126790207,126791042,126792769	126667166,126674963,126676372,126705744,126732520,126734538,126738424,126746343,126753554,126754982,126755949,126758514,126769251,126770563,126771231,126774309,126776609,126778868,126781435,126783426,126784964,126790352,126791349,126793060	nan	MEGF10	nan	nan	0,0,0,0,0,0,0,0,0,0,0,0,0,0,0,0,0,0,0,0,0,0,0,0
64374	SIL1;NM_001037633.1	5	-	138282755	138463582	138282755	138463582	9	138282755,138286809,138287426,138356809,138362439,138378258,138386576,138456673,138463377	138283212,138287074,138287623,138357031,138362731,138378458,138386785,138456912,138463582	nan	SIL1	nan	nan	0,0,0,0,0,0,0,0,0
1303	COL12A1;NM_004370.5	6	-	75796212	75912558	75796212	75912558	65	75796212,75797242,75798771,75799775,75800988,75801155,75804773,75806918,75811265,75811664,75812262,75813422,75814871,75816084,75818683,75822869,75823267,75825449,75825684,75827047,75828708,75829015,75830967,75832995,75833613,75833920,75834792,75836016,75837961,75839756,75840517,75841605,75842958,75843523,75844391,75847102,75847985,75848113,75848487,75851697,75852913,75854991,75855767,75857340,75858023,75860806,75861532,75861796,75861998,75864081,75865327,75865922,75875172,75884703,75887328,75890604,75892715,75893519,75898027,75898882,75899217,75901366,75901877,75904496,75912385	75796323,75797513,75798940,75800064,75801155,75801291,75804945,75807072,75811419,75811818,75812458,75813576,75815058,75816262,75818933,75823079,75823510,75825688,75825823,75827312,75828952,75829239,75831207,75833170,75833860,75834137,75835039,75836236,75838191,75839999,75840747,75841848,75843188,75843763,75844621,75847345,75848106,75848346,75848727,75851923,75853154,75855221,75856010,75857570,75858263,75861053,75861797,75862016,75862248,75864303,75865620,75866289,75875545,75885076,75887701,75890977,75893418,75893910,75898301,75899147,75899581,75901526,75902121,75904713,75912558	nan	COL12A1	nan	nan	0,0,0,0,0,0,0,0,0,0,0,0,0,0,0,0,0,0,0,0,0,0,0,0,0,0,0,0,0,0,0,0,0,0,0,0,0,0,0,0,0,0,0,0,0,0,0,0,0,0,0,0,0,0,0,0,0,0,0,0,0,0,0,0,0
3908	LAMA2;NM_000426.3	6	+	129204340	129837542	129204340	129837542	65	129204340,129371012,129380878,129419267,129464995,129468053,129470073,129475599,129486670,129498800,129511299,129513774,129571206,129573178,129581805,129588200,129591718,129601155,129608941,129612708,129618779,129621830,129633955,129635749,129636570,129636856,129637132,129641632,129649372,129663437,129670392,129674258,129687313,129690986,129704216,129712585,129714139,129722318,129723418,129724915,129748846,129759740,129761910,129763316,129766761,129774082,129775249,129777429,129781294,129785384,129786239,129794308,129796484,129799787,129802357,129807568,129812995,129813409,129823753,129824185,129826294,129828583,129833457,129835467,129837284	129204552,129371283,129381091,129419610,129465275,129468243,129470291,129475878,129486870,129499061,129511540,129514048,129571408,129573490,129582017,129588414,129591946,129601342,129609253,129612915,129619060,129622067,129634292,129635993,129636850,129637145,129637366,129641850,129649607,129663662,129670579,129674552,129687556,129691185,129704428,129712848,129714450,129722535,129723682,129725154,129749049,129759957,129762193,129763422,129767016,129774326,129775483,129777689,129781519,129785647,129786484,129794547,129796596,129800008,129802634,129807817,129813272,129813678,129823966,129824475,129826550,129828837,129833688,129835790,129837542	nan	LAMA2	nan	nan	0,0,0,0,0,0,0,0,0,0,0,0,0,0,0,0,0,0,0,0,0,0,0,0,0,0,0,0,0,0,0,0,0,0,0,0,0,0,0,0,0,0,0,0,0,0,0,0,0,0,0,0,0,0,0,0,0,0,0,0,0,0,0,0,0
729920	ISPD;NM_001101426.3	7	-	16131269	16460997	16131269	16460997	10	16131269,16255640,16297964,16298494,16317703,16340995,16348097,16415666,16445635,16460640	16131474,16255872,16298157,16298687,16317901,16341141,16348302,16415916,16446012,16460997	nan	ISPD	nan	nan	0,0,0,0,0,0,0,0,0,0
84197	POMK;NM_032237.4	8	+	42958641	42978070	42958641	42978070	2	42958641,42977199	42959023,42978070	nan	POMK	nan	nan	0,0
5339	PLEC;NM_000445.4	8	-	144990294	145049587	144990294	145049587	32	144990294,144996621,145000901,145001094,145001369,145001527,145001971,145003220,145003531,145003763,145004053,145004261,145004501,145005651,145006054,145006247,145006517,145006752,145006910,145007314,145008115,145008435,145008752,145008927,145009128,145009315,145009965,145011096,145011282,145012268,145012748,145049294	144996613,145000102,145001100,145001299,145001553,145001984,145002210,145003499,145003789,145004047,145004280,145004516,145004754,145005877,145006250,145006452,145006779,145006930,145007329,145007569,145008309,145008663,145008948,145009147,145009335,145009531,145010232,145011289,145011460,145012458,145012910,145049587	nan	PLEC	nan	nan	0,0,0,0,0,0,0,0,0,0,0,0,0,0,0,0,0,0,0,0,0,0,0,0,0,0,0,0,0,0,0,0
55958	KLHL9;NM_018847.3	9	-	21332954	21334908	21332954	21334908	1	21332954	21334908	nan	KLHL9	nan	nan	0
7169	TPM2;NM_003289.3	9	-	35683105	35689864	35683105	35689864	9	35683105,35684192,35684434,35684678,35685215,35685380,35685593,35689092,35689650	35683288,35684362,35684597,35684854,35685386,35685598,35685827,35689318,35689864	nan	TPM2	nan	nan	0,0,0,0,0,0,0,0,0
2218	FKTN;NM_001079802.1	9	+	108337263	108397595	108337263	108397595	9	108337263,108358828,108363375,108366445,108370049,108377508,108380189,108382164,108397281	108337468,108358988,108363679,108366823,108370282,108377738,108380423,108382392,108397595	nan	FKTN	nan	nan	0,0,0,0,0,0,0,0,0
8818	DPM2;NM_003863.3	9	-	130697950	130700149	130697950	130700149	4	130697950,130698781,130699662,130700046	130698109,130698984,130699852,130700149	nan	DPM2	nan	nan	0,0,0,0
2801	GOLGA2;NM_004486.4	9	-	131019295	131038305	131019295	131038305	26	131019295,131019597,131019829,131020018,131020208,131020683,131021235,131021395,131022304,131022693,131023400,131023682,131023896,131024791,131025262,131027813,131028016,131028198,131028515,131029422,131029686,131030162,131030345,131030648,131036078,131038121	131019610,131019854,131020036,131020221,131020527,131020899,131021411,131021720,131022518,131023131,131023588,131023890,131024086,131025033,131025421,131028020,131028210,131028349,131028654,131029603,131029846,131030326,131030489,131030853,131036301,131038305	nan	GOLGA2	nan	nan	0,0,0,0,0,0,0,0,0,0,0,0,0,0,0,0,0,0,0,0,0,0,0,0,0,0
22845	DOLK;NM_014908.3	9	-	131707915	131709632	131707915	131709632	1	131707915	131709632	nan	DOLK	nan	nan	0
10585	POMT1;NM_007171.3	9	+	134379555	134398543	134379555	134398543	19	134379555,134381450,134381739,134382704,134384247,134385079,134385239,134385596,134386673,134387377,134388575,134390762,134393781,134394173,134394725,134395416,134396682,134397383,134398268	134379777,134381657,134381890,134382951,134384459,134385245,134385499,134385852,134386904,134387573,134388768,134390959,134393974,134394394,134394923,134395630,134396909,134397661,134398543	nan	POMT1	nan	nan	0,0,0,0,0,0,0,0,0,0,0,0,0,0,0,0,0,0,0
9200	HACD1;NM_014241.3	10	-	17632312	17659388	17632312	17659388	7	17632312,17636153,17641238,17645508,17645674,17645878,17659031	17632495,17636432,17641460,17645697,17645793,17646096,17659388	nan	HACD1	nan	nan	0,0,0,0,0,0,0
10367	MICU1;NM_006077.3	10	-	74127902	74326601	74127902	74326601	11	74127902,74135490,74167636,74182941,74234807,74236881,74267862,74293453,74310886,74322602,74326340	74128163,74135680,74167845,74183179,74235105,74237064,74268083,74293597,74311149,74322871,74326601	nan	MICU1	nan	nan	0,0,0,0,0,0,0,0,0,0,0
7136	TNNI2;NM_003282.3	11	+	1860876	1862831	1860876	1862831	6	1860876,1861580,1861707,1861998,1862210,1862635	1860989,1861724,1861936,1862188,1862487,1862831	nan	TNNI2	nan	nan	0,0,0,0,0,0
7140	TNNT3;NM_006757.3	11	+	1944054	1959772	1944054	1959772	15	1944054,1944227,1944734,1946278,1947874,1950299,1950989,1953648,1954900,1955110,1955511,1955725,1956008,1958142,1959617	1944171,1944341,1944852,1946396,1947989,1950423,1951108,1953794,1955117,1955288,1955725,1955935,1956199,1958283,1959772	nan	TNNT3	nan	nan	0,0,0,0,0,0,0,0,0,0,0,0,0,0,0
6786	STIM1;NM_003156.3	11	+	3877450	4113078	3877450	4113078	12	3877450,3988731,4045052,4076705,4080460,4091205,4095681,4103363,4104061,4104442,4107656,4112461	3877689,3988962,4045267,4076917,4080676,4091483,4095959,4103631,4104262,4104778,4107823,4113078	nan	STIM1	nan	nan	0,0,0,0,0,0,0,0,0,0,0,0
4607	MYBPC3;NM_000256.3	11	-	47353371	47374248	47353371	47374248	33	47353371,47353572,47354066,47354314,47354694,47355057,47355422,47356542,47357377,47358891,47359190,47360020,47360824,47361151,47362503,47362638,47363491,47364078,47364330,47364521,47364992,47367707,47368127,47368922,47368925,47369151,47369357,47369924,47371274,47371514,47372002,47372739,47374123	47353482,47353859,47354303,47354574,47354934,47355353,47355611,47356810,47357612,47359180,47359395,47360280,47361005,47361391,47362633,47362845,47363757,47364345,47364536,47364749,47365225,47367971,47368245,47369024,47369080,47369281,47369506,47370142,47371523,47371713,47372216,47373106,47374248	nan	MYBPC3	nan	nan	0,0,0,0,0,0,0,0,0,0,0,0,0,0,0,0,0,0,0,0,0,0,0,0,0,0,0,0,0,0,0,0,0
11041	B4GAT1;NM_006876.2	11	-	66113469	66115066	66113469	66115066	2	66113469,66113910	66113761,66115066	nan	B4GAT1	nan	nan	0,0
1272	CNTN1;NM_001843.3	12	+	41302184	41463887	41302184	41463887	23	41302184,41303824,41312390,41316007,41318308,41323547,41327212,41327448,41330532,41331321,41333086,41337348,41337746,41352865,41374660,41386871,41407979,41410433,41414088,41418901,41421608,41422814,41463710	41302345,41303957,41312623,41316280,41318504,41323854,41327412,41327730,41330757,41331539,41333337,41337576,41338022,41353086,41374919,41387121,41408150,41410768,41414292,41419188,41421821,41423071,41463887	nan	CNTN1	nan	nan	0,0,0,0,0,0,0,0,0,0,0,0,0,0,0,0,0,0,0,0,0,0,0
3679	ITGA7;NM_002206.2	12	-	56078791	56101516	56078791	56101516	25	56078791,56081704,56081935,56082577,56086577,56086874,56087754,56087989,56088176,56088348,56088511,56089255,56090016,56090632,56090949,56091184,56091428,56091671,56092116,56092443,56093603,56094632,56096605,56096784,56101210	56079122,56081930,56082134,56082791,56086809,56087151,56087957,56088164,56088356,56088529,56088804,56089471,56090266,56090902,56091111,56091380,56091656,56091860,56092410,56092751,56093823,56094988,56096785,56097012,56101516	nan	ITGA7	nan	nan	0,0,0,0,0,0,0,0,0,0,0,0,0,0,0,0,0,0,0,0,0,0,0,0,0
246329	STAC3;NM_145064.2	12	-	57637544	57643469	57637544	57643469	11	57637544,57637820,57638047,57638269,57638648,57638877,57640536,57641858,57642438,57642773,57643303	57637743,57638058,57638199,57638455,57638798,57639044,57640734,57642031,57642636,57643141,57643469	nan	STAC3	nan	nan	0,0,0,0,0,0,0,0,0,0,0
10329	TMEM5;NM_014254.2	12	+	64173690	64202922	64173690	64202922	6	64173690,64174748,64178699,64195820,64198963,64202404	64173959,64175004,64178902,64196235,64199234,64202922	nan	TMEM5	nan	nan	0,0,0,0,0,0
4604	MYBPC1;NM_002465.3	12	+	101988798	102078233	101988798	102078233	31	101988798,102008223,102010929,102020599,102021496,102023161,102025298,102025748,102028281,102030399,102036146,102038391,102040490,102041772,102042987,102044958,102046405,102046842,102053399,102054885,102056085,102057153,102061459,102064048,102067154,102069019,102070962,102071829,102074070,102076331,102078109	101988923,102008359,102011071,102020738,102021632,102023372,102025547,102025966,102028433,102030556,102036413,102038624,102040715,102041978,102043254,102045221,102046612,102047076,102053659,102055090,102056374,102057388,102061727,102064237,102067450,102069259,102071222,102072066,102074357,102076490,102078233	nan	MYBPC1	nan	nan	0,0,0,0,0,0,0,0,0,0,0,0,0,0,0,0,0,0,0,0,0,0,0,0,0,0,0,0,0,0,0
84876	ORAI1;NM_032790.3	12	+	122064597	122079599	122064597	122079599	2	122064597,122078896	122065006,122079599	nan	ORAI1	nan	nan	0,0
1282	COL4A1;NM_001845.5	13	-	110802659	110959424	110802659	110959424	52	110802659,110804630,110807579,110813488,110814526,110815759,110817158,110818528,110819454,110821925,110822843,110825016,110826196,110826742,110826919,110827514,110828720,110828922,110829181,110830138,110830360,110831219,110831567,110833588,110835289,110835480,110838681,110839434,110844510,110845126,110847319,110850763,110853150,110853734,110855862,110857649,110857790,110858961,110859161,110859699,110861145,110861688,110862276,110862425,110863943,110864165,110864713,110864870,110866078,110866222,110894971,110959240	110802841,110804903,110807794,110813766,110814839,110815958,110817387,110818700,110819627,110822159,110823129,110825167,110826395,110826923,110827146,110827754,110828910,110829121,110829434,110830328,110830628,110831433,110831818,110833786,110835494,110835673,110838950,110839726,110844681,110845310,110847515,110851028,110853286,110853919,110856004,110857803,110857935,110859112,110859288,110859886,110861287,110861824,110862439,110862609,110864070,110864319,110864876,110865015,110866223,110866412,110895131,110959424	nan	COL4A1	nan	nan	0,0,0,0,0,0,0,0,0,0,0,0,0,0,0,0,0,0,0,0,0,0,0,0,0,0,0,0,0,0,0,0,0,0,0,0,0,0,0,0,0,0,0,0,0,0,0,0,0,0,0,0
1284	COL4A2;NM_001846.3	13	+	110960200	111164588	110960200	111164588	47	110960200,110960365,111009768,111077030,111077249,111080763,111082181,111082697,111082841,111084621,111086697,111088565,111090298,111090914,111092085,111098125,111099094,111101975,111102601,111109639,111111067,111114410,111114574,111117701,111118299,111119336,111121513,111125225,111130299,111132516,111134812,111137201,111137951,111141741,111142007,111143529,111144366,111145507,111147638,111153964,111155417,111155679,111156143,111156444,111158711,111160231,111164230	110960344,110960520,111009949,111077265,111077394,111080980,111082353,111082833,111083004,111084757,111086839,111088764,111090434,111091065,111092230,111098279,111099261,111102186,111102851,111109832,111111331,111114583,111114781,111118003,111118459,111119493,111121721,111125547,111130561,111132787,111135056,111137424,111138233,111141905,111142182,111143737,111144574,111145679,111147864,111154181,111155679,111155878,111156390,111156661,111159003,111160618,111164588	nan	COL4A2	nan	nan	0,0,0,0,0,0,0,0,0,0,0,0,0,0,0,0,0,0,0,0,0,0,0,0,0,0,0,0,0,0,0,0,0,0,0,0,0,0,0,0,0,0,0,0,0,0,0
4625	MYH7;NM_000257.3	14	-	23882012	23902991	23882012	23902991	38	23882012,23882917,23883165,23884153,23884539,23884787,23885162,23886026,23886311,23886661,23887368,23888335,23888641,23889003,23890116,23891338,23892705,23893065,23893927,23894440,23894853,23895122,23895935,23896398,23896743,23897658,23898113,23898387,23898933,23899718,23900059,23900576,23900743,23900919,23901637,23901797,23902242,23902690	23882130,23883152,23883361,23884529,23884765,23885091,23885571,23886251,23886577,23886945,23887665,23888554,23888868,23889493,23890307,23891584,23892982,23893408,23894283,23894677,23895077,23895340,23896123,23896566,23897153,23897929,23898363,23898606,23899172,23899922,23900258,23900740,23900936,23901128,23901765,23902054,23902486,23902991	nan	MYH7	nan	nan	0,0,0,0,0,0,0,0,0,0,0,0,0,0,0,0,0,0,0,0,0,0,0,0,0,0,0,0,0,0,0,0,0,0,0,0,0,0
1073	CFL2;NM_138638.4	14	-	35182020	35183796	35182020	35183796	4	35182020,35182215,35182409,35183693	35182233,35182392,35182817,35183796	nan	CFL2	nan	nan	0,0,0,0
29954	POMT2;NM_013382.5	14	-	77743668	77787074	77743668	77787074	21	77743668,77744686,77745021,77746115,77746313,77746684,77750089,77751242,77751773,77753036,77755054,77757606,77762456,77764981,77765747,77767382,77769127,77770984,77772629,77778241,77786726	77743874,77744901,77745262,77746321,77746473,77746856,77750266,77751434,77752025,77753215,77755224,77757773,77762666,77765164,77765954,77767642,77769336,77771193,77772834,77778426,77787074	nan	POMT2	nan	nan	0,0,0,0,0,0,0,0,0,0,0,0,0,0,0,0,0,0,0,0,0
390594	KBTBD13;NM_001101362.2	15	+	65369103	65370580	65369103	65370580	1	65369103	65370580	nan	KBTBD13	nan	nan	0
26276	VPS33B;NM_018668.4	15	-	91542154	91565529	91542154	91565529	23	91542154,91542856,91543079,91543669,91544568,91545229,91546264,91548056,91548234,91548559,91548873,91549152,91549551,91549831,91550129,91550648,91551049,91552980,91556983,91557563,91560142,91560984,91565333	91542334,91543073,91543255,91543871,91544742,91545462,91546411,91548211,91548399,91548734,91549064,91549339,91549725,91550009,91550326,91550853,91551244,91553126,91557151,91557713,91560304,91561165,91565529	nan	VPS33B	nan	nan	0,0,0,0,0,0,0,0,0,0,0,0,0,0,0,0,0,0,0,0,0,0,0
124093	CCDC78;NM_001031737.2	16	-	772719	776417	772719	776417	14	772719,772871,773044,773806,774055,774271,774630,774860,775027,775186,775362,775743,775915,776257	772839,773068,773211,773986,774255,774559,774856,775039,775195,775343,775630,775930,776135,776417	nan	CCDC78	nan	nan	0,0,0,0,0,0,0,0,0,0,0,0,0,0
51763	INPP5K;NM_001135642.1	17	-	1399066	1416829	1399066	1416829	10	1399066,1399303,1399562,1399909,1401179,1410223,1411358,1412421,1412926,1416696	1399223,1399508,1399746,1400147,1401466,1410433,1411570,1412697,1413143,1416829	nan	INPP5K	nan	nan	0,0,0,0,0,0,0,0,0,0
4927	NUP88;NM_002532.5	17	-	5289475	5323020	5289475	5323020	17	5289475,5289977,5290253,5290655,5290874,5291048,5292071,5294830,5298160,5302821,5307368,5308326,5312002,5313972,5317278,5319782,5322623	5289639,5290196,5290480,5290836,5291040,5291274,5292330,5295032,5298351,5303020,5307616,5308613,5312279,5314159,5317504,5320052,5323020	nan	NUP88	nan	nan	0,0,0,0,0,0,0,0,0,0,0,0,0,0,0,0,0
4626	MYH8;NM_002472.2	17	-	10293720	10323594	10293720	10323594	38	10293720,10295148,10295808,10296097,10296351,10297515,10298399,10299596,10299819,10300069,10301710,10302034,10302809,10303656,10304135,10304312,10304541,10304809,10307596,10309307,10309540,10309956,10310158,10312363,10312545,10314043,10315636,10315876,10317168,10317458,10317652,10318382,10318558,10318738,10318947,10321911,10322153,10323284	10293970,10295344,10296013,10296368,10296577,10297819,10298808,10299821,10300085,10300353,10302007,10302253,10303036,10304146,10304326,10304558,10304818,10305152,10307952,10309544,10309764,10310174,10310346,10312531,10312955,10314314,10315886,10316095,10317407,10317662,10317851,10318546,10318751,10318947,10319075,10322168,10322397,10323594	nan	MYH8	nan	nan	0,0,0,0,0,0,0,0,0,0,0,0,0,0,0,0,0,0,0,0,0,0,0,0,0,0,0,0,0,0,0,0,0,0,0,0,0,0
4620	MYH2;NM_017534.5	17	-	10424546	10451287	10424546	10451287	38	10424546,10426356,10426574,10426762,10427025,10427732,10428023,10428490,10428717,10428959,10429865,10430204,10431014,10431956,10432428,10432602,10432830,10433098,10434899,10436551,10436775,10438339,10438544,10439796,10440499,10440931,10442471,10442710,10443194,10443860,10446141,10446364,10446977,10447168,10447366,10448612,10450741,10450983	10424799,10426552,10426779,10427033,10427251,10428036,10428432,10428715,10428983,10429243,10430162,10430423,10431241,10432446,10432619,10432848,10433107,10433441,10435255,10436788,10436999,10438557,10438732,10439973,10440909,10441202,10442721,10442929,10443433,10444064,10446340,10446528,10447170,10447383,10447494,10448869,10450985,10451287	nan	MYH2	nan	nan	0,0,0,0,0,0,0,0,0,0,0,0,0,0,0,0,0,0,0,0,0,0,0,0,0,0,0,0,0,0,0,0,0,0,0,0,0,0
4621	MYH3;NM_002470.3	17	-	10531919	10558431	10531919	10558431	39	10531919,10532863,10533108,10533358,10533554,10534877,10535079,10535742,10536857,10537283,10538106,10538633,10539001,10541075,10541309,10542139,10542310,10542564,10542826,10543262,10543599,10543829,10544351,10544551,10545506,10545683,10546092,10547617,10547850,10548973,10549195,10550448,10550629,10551823,10552843,10553640,10554778,10555686,10558127	10532046,10533101,10533304,10533563,10533825,10535103,10535383,10536151,10537082,10537549,10538390,10538930,10539220,10541302,10541799,10542330,10542556,10542841,10543169,10543618,10543836,10544053,10544569,10544739,10545677,10546090,10546363,10547867,10548069,10549212,10549399,10550647,10550793,10552016,10553052,10553768,10555035,10555930,10558431	nan	MYH3	nan	nan	0,0,0,0,0,0,0,0,0,0,0,0,0,0,0,0,0,0,0,0,0,0,0,0,0,0,0,0,0,0,0,0,0,0,0,0,0,0,0
6329	SCN4A;NM_000334.4	17	-	62018080	62050251	62018080	62050251	24	62018080,62020135,62021055,62021982,62022316,62022669,62024354,62025199,62025920,62026702,62028733,62034471,62036574,62038502,62040981,62041777,62043411,62043790,62045332,62048471,62049031,62049445,62049661,62049878	62019403,62020506,62021260,62022220,62022470,62023048,62024577,62025473,62026175,62026938,62029310,62034928,62036848,62038841,62041235,62042087,62043653,62043954,62045765,62048663,62049260,62049635,62049880,62050251	nan	SCN4A	nan	nan	0,0,0,0,0,0,0,0,0,0,0,0,0,0,0,0,0,0,0,0,0,0,0,0
63895	PIEZO2;NM_022068.3	18	-	10671473	11148637	10671473	11148637	52	10671473,10672636,10675155,10677693,10680145,10681607,10682050,10689602,10691172,10696021,10696339,10697695,10698872,10701936,10704341,10705283,10714711,10715597,10718147,10731354,10736551,10740978,10742441,10744089,10748418,10750038,10752583,10757916,10759429,10759652,10760858,10762447,10762869,10770095,10773359,10784731,10786983,10789026,10791148,10794719,10797321,10800284,10801337,10803822,10807059,10855300,10856948,10871200,10911133,10979482,11066075,11148473	10671826,10672920,10675335,10677922,10680418,10681800,10682339,10689850,10691431,10696336,10696587,10697928,10699225,10702219,10704700,10705794,10714978,10715864,10718307,10731569,10736758,10741150,10742663,10744279,10748678,10750235,10752927,10758182,10759631,10759957,10761159,10762673,10763146,10770356,10773677,10785005,10787232,10789413,10791372,10795050,10797570,10800523,10801476,10804042,10807322,10855614,10857259,10871463,10911276,10979708,11066271,11148637	nan	PIEZO2	nan	nan	0,0,0,0,0,0,0,0,0,0,0,0,0,0,0,0,0,0,0,0,0,0,0,0,0,0,0,0,0,0,0,0,0,0,0,0,0,0,0,0,0,0,0,0,0,0,0,0,0,0,0,0
57724	EPG5;NM_020964.2	18	-	43432381	43547255	43432381	43547255	44	43432381,43435487,43437767,43438480,43440018,43445529,43446712,43447477,43450481,43456150,43458290,43458927,43459989,43462188,43464531,43467665,43469712,43479318,43480910,43483887,43487872,43490435,43492204,43493620,43495425,43495923,43496352,43497593,43502256,43503183,43505653,43508784,43510591,43514724,43519515,43523076,43523920,43526578,43528418,43529399,43531017,43532315,43534309,43547092	43432664,43435702,43438083,43438797,43440361,43445774,43447022,43447763,43450757,43456357,43458463,43459229,43460238,43462502,43464826,43467922,43469955,43479581,43481182,43484132,43488096,43490757,43492471,43493843,43495636,43496221,43496597,43497834,43502616,43503403,43505918,43509025,43510846,43514982,43519771,43523327,43524135,43526784,43528592,43529607,43531254,43532659,43535354,43547255	nan	EPG5	nan	nan	0,0,0,0,0,0,0,0,0,0,0,0,0,0,0,0,0,0,0,0,0,0,0,0,0,0,0,0,0,0,0,0,0,0,0,0,0,0,0,0,0,0,0,0
1785	DNM2;NM_001005360.2	19	+	10828868	10941773	10828868	10941773	21	10828868,10870363,10883104,10886328,10887743,10893585,10897189,10904345,10905997,10906686,10909111,10912913,10916541,10919194,10922889,10930605,10934413,10935682,10939661,10940752,10941603	10829129,10870537,10883354,10886632,10887942,10893846,10897432,10904581,10906165,10906925,10909298,10913084,10916693,10919306,10923103,10930815,10934625,10935947,10939994,10941104,10941773	nan	DNM2	nan	nan	0,0,0,0,0,0,0,0,0,0,0,0,0,0,0,0,0,0,0,0,0
79041	TMEM38A;NM_024074.2	19	+	16771978	16799232	16771978	16799232	6	16771978,16790744,16791157,16793181,16797048,16798904	16772202,16791001,16791442,16793369,16797266,16799232	nan	TMEM38A	nan	nan	0,0,0,0,0,0
6261	RYR1;NM_000540.2	19	+	38924419	39078110	38924419	39078110	106	38924419,38931334,38932938,38934147,38934307,38934738,38935173,38937061,38937283,38938944,38939238,38942353,38943408,38945824,38946040,38946222,38948086,38948640,38949735,38950964,38954012,38954336,38955228,38956680,38958199,38959555,38959894,38963966,38965907,38968299,38969024,38973616,38973879,38976179,38979766,38980665,38981210,38983079,38984941,38986804,38986998,38987449,38989697,38990224,38990497,38991195,38991410,38993096,38993469,38994809,38995337,38995592,38995898,38996395,38996892,38997060,38997418,38998301,39001087,39001249,39002150,39002661,39002834,39005615,39006676,39007948,39009803,39013617,39013806,39014504,39015921,39017582,39018236,39018895,39019188,39019540,39023079,39023260,39025309,39025730,39025905,39026586,39027339,39028469,39033936,39034121,39034360,39037034,39038822,39051702,39055548,39057500,39058362,39061196,39062608,39063766,39066508,39068507,39068733,39070571,39070959,39075532,39076527,39076680,39077114,39077914	38924564,38931554,38933143,38934322,38934486,38934951,38935367,38937255,38937458,38939201,38939503,38942575,38943704,38946060,38946236,38946441,38948320,38948982,38950028,38951281,38954217,38954540,38955412,38957088,38958502,38959830,38960203,38964461,38966140,38968560,38969290,38973803,38974206,38976892,38980133,38980966,38981422,38983326,38985315,38987019,38987231,38987644,38989933,38990511,38990706,38991416,38991680,38993417,38993660,38995050,38995601,38995771,38996088,38996636,38997067,38997236,38997642,38998517,39001255,39001471,39002300,39002822,39003173,39005797,39006907,39008381,39010144,39013805,39013999,39014619,39016192,39017742,39018474,39019108,39019385,39019747,39023231,39023426,39025509,39025910,39026082,39026760,39027457,39028650,39034125,39034350,39034565,39037216,39039110,39052144,39056461,39057677,39058607,39061383,39062960,39063997,39066651,39068738,39068894,39070818,39071194,39075789,39076692,39076881,39077266,39078110	nan	RYR1	nan	nan	0,0,0,0,0,0,0,0,0,0,0,0,0,0,0,0,0,0,0,0,0,0,0,0,0,0,0,0,0,0,0,0,0,0,0,0,0,0,0,0,0,0,0,0,0,0,0,0,0,0,0,0,0,0,0,0,0,0,0,0,0,0,0,0,0,0,0,0,0,0,0,0,0,0,0,0,0,0,0,0,0,0,0,0,0,0,0,0,0,0,0,0,0,0,0,0,0,0,0,0,0,0,0,0,0,0
79147	FKRP;NM_024301.4	19	+	47258657	47260245	47258657	47260245	1	47258657	47260245	nan	FKRP	nan	nan	0
7138	TNNT1;NM_003283.5	19	-	55644232	55658575	55644232	55658575	13	55644232,55645204,55645383,55648420,55649278,55652200,55652503,55653174,55656861,55657751,55657998,55658325,55658443	55644378,55645345,55645622,55648630,55649492,55652378,55652720,55653338,55656983,55657884,55658125,55658439,55658575	nan	TNNT1	nan	nan	0,0,0,0,0,0,0,0,0,0,0,0,0
8813	DPM1;NM_003859.2	20	-	49551618	49575110	49551618	49575110	9	49551618,49552634,49557351,49558517,49562223,49562333,49565115,49571672,49574849	49551823,49552849,49557520,49558713,49562349,49562510,49565249,49571872,49575110	nan	DPM1	nan	nan	0,0,0,0,0,0,0,0,0
1291	COL6A1;NM_001848.2	21	+	47401714	47423977	47401714	47423977	35	47401714,47402497,47404132,47406389,47406807,47407018,47407362,47407473,47408947,47409471,47409615,47410121,47410241,47410636,47410842,47411873,47412027,47412226,47412611,47414030,47417284,47417563,47417984,47418261,47418760,47419016,47419520,47420194,47420622,47421116,47421824,47422081,47422390,47422983,47423254	47401911,47402727,47404433,47406649,47407036,47407139,47407483,47407618,47409101,47409616,47409742,47410248,47410386,47410790,47411005,47412036,47412181,47412362,47412774,47414193,47417447,47417726,47418135,47418397,47418923,47419182,47419656,47420331,47420731,47421350,47422034,47422365,47422674,47423113,47423977	nan	COL6A1	nan	nan	0,0,0,0,0,0,0,0,0,0,0,0,0,0,0,0,0,0,0,0,0,0,0,0,0,0,0,0,0,0,0,0,0,0,0
1292	COL6A2;NM_001849.3	21	+	47531340	47552516	47531340	47552516	27	47531340,47531842,47532667,47533871,47535735,47535872,47536240,47536514,47536633,47537263,47537737,47538477,47538893,47539651,47540378,47540924,47541419,47541971,47542359,47542738,47544514,47544748,47545129,47545328,47545648,47546366,47551817	47531555,47532541,47532788,47534037,47535889,47536017,47536367,47536641,47536778,47537417,47537900,47538640,47539083,47539814,47540541,47541087,47541582,47542122,47542495,47542901,47544677,47544884,47545275,47545581,47546201,47546505,47552516	nan	COL6A2	nan	nan	0,0,0,0,0,0,0,0,0,0,0,0,0,0,0,0,0,0,0,0,0,0,0,0,0,0,0
84700	MYO18B;NM_032608.6	22	+	26157009	26423694	26157009	26423694	42	26157009,26159147,26164031,26166026,26166788,26168250,26173499,26175972,26177650,26181344,26193869,26219421,26222325,26224692,26228833,26231212,26239651,26242016,26243346,26247386,26264236,26270202,26272105,26273875,26286672,26287220,26291072,26294223,26298529,26299547,26304238,26306862,26317173,26342052,26343627,26346282,26348201,26351094,26388278,26399180,26400633,26422360	26157148,26159406,26165445,26166193,26167001,26168527,26173798,26176215,26177851,26181508,26194114,26219695,26222516,26224985,26229014,26231460,26239911,26242300,26243669,26247596,26264402,26270431,26272349,26274065,26286892,26287429,26291297,26294478,26298753,26299848,26304449,26307067,26317426,26342266,26343844,26346466,26348439,26351380,26388509,26399325,26400871,26423694	nan	MYO18B	nan	nan	0,0,0,0,0,0,0,0,0,0,0,0,0,0,0,0,0,0,0,0,0,0,0,0,0,0,0,0,0,0,0,0,0,0,0,0,0,0,0,0,0,0
9215	LARGE1;NM_004737.5	22	-	33670362	34157513	33670362	34157513	14	33670362,33672995,33679137,33700164,33712020,33733581,33777854,33780127,33828096,33960783,34000370,34022177,34046302,34157307	33670660,33673291,33679384,33700543,33712284,33733837,33778080,33780340,33828301,33961055,34000594,34022360,34046704,34157513	nan	LARGE1	nan	nan	0,0,0,0,0,0,0,0,0,0,0,0,0,0
1120	CHKB;NM_005198.4	22	-	51017559	51021260	51017559	51021260	11	51017559,51017804,51018105,51018352,51018568,51018736,51018943,51019798,51020127,51020627,51020936	51017734,51017986,51018309,51018561,51018750,51018895,51019139,51020032,51020341,51020836,51021260	nan	CHKB	nan	nan	0,0,0,0,0,0,0,0,0,0,0
55906	ZC4H2;NM_018684.3	X	-	64137612	64196307	64137612	64196307	5	64137612,64138871,64139910,64141646,64196154	64137826,64139134,64140183,64141918,64196307	nan	ZC4H2	nan	nan	0,0,0,0,0
3920	LAMP2;NM_002294.2	X	-	119565127	119603074	119565127	119603074	9	119565127,119575534,119576403,119580109,119581645,119582774,119589161,119590455,119602910	119565367,119575799,119576567,119580332,119581930,119583033,119589475,119590674,119603074	nan	LAMP2	nan	nan	0,0,0,0,0,0,0,0,0
4534	MTM1;NM_000252.2	X	+	149761026	149840118	149761026	149840118	14	149761026,149764911,149767005,149783011,149787460,149807365,149809691,149814105,149818138,149826243,149828086,149828793,149831855,149839850	149761189,149765084,149767200,149783222,149787662,149807549,149809941,149814394,149818424,149826550,149828279,149829007,149832132,149840118	nan	MTM1	nan	nan	0,0,0,0,0,0,0,0,0,0,0,0,0,0
203547	VMA21;NM_001017980.3	X	+	150565730	150573580	150565730	150573580	3	150565730,150572052,150573337	150565883,150572262,150573580	nan	VMA21	nan	nan	0,0,0
26576	SRPK3;NM_014370.3	X	+	153046491	153051025	153046491	153051025	15	153046491,153046620,153046909,153047147,153047525,153048176,153048357,153048630,153049156,153049378,153049698,153050154,153050338,153050485,153050740	153046650,153046851,153047118,153047335,153047713,153048383,153048623,153048756,153049389,153049718,153049899,153050362,153050508,153050678,153051025	nan	SRPK3	nan	nan	0,0,0,0,0,0,0,0,0,0,0,0,0,0,0
