#bin	name	chrom	strand	txStart	txEnd	cdsStart	cdsEnd	exonCount	exonStarts	exonSEnds	score	name2	cdsStartStat	cdsEndStat	exonFrames
11330	CTRC;NM_007272.2	1	+	15764910	15773134	15764910	15773134	8	15764910,15766745,15766938,15768892,15769863,15771050,15772041,15773019	15765050,15766937,15767136,15769118,15770100,15771296,15772294,15773134	nan	CTRC	nan	nan	0,0,0,0,0,0,0,0
4853	NOTCH2;NM_024408.3	1	-	120457878	120612070	120457878	120612070	34	120457878,120460237,120460978,120461884,120462801,120464285,120464808,120465208,120466209,120467877,120469071,120471548,120478044,120479854,120480429,120483127,120484098,120490986,120491579,120493296,120496115,120497612,120501964,120506146,120508025,120508948,120510005,120510649,120512083,120529532,120539569,120547901,120572478,120611897	120459367,120460435,120461226,120462286,120463070,120464482,120465119,120465451,120466657,120468483,120469284,120471885,120478277,120480139,120480683,120483429,120484427,120491239,120491799,120493510,120496361,120497905,120502175,120506480,120508239,120509162,120510294,120510905,120512417,120529755,120540005,120548261,120572660,120612070	nan	NOTCH2	nan	nan	0,0,0,0,0,0,0,0,0,0,0,0,0,0,0,0,0,0,0,0,0,0,0,0,0,0,0,0,0,0,0,0,0,0
2071	ERCC3;NM_000122.1	2	-	128015121	128051707	128015121	128051707	15	128015121,128016821,128018753,128028861,128030390,128036698,128037972,128044228,128046185,128046862,128047214,128047749,128050135,128051038,128051579	128015353,128017074,128018972,128029079,128030587,128037001,128038257,128044643,128046490,128047127,128047450,128047899,128050472,128051344,128051707	nan	ERCC3	nan	nan	0,0,0,0,0,0,0,0,0,0,0,0,0,0,0
79840	NHEJ1;NM_024782.2	2	-	219941052	220023134	219941052	220023134	7	219941052,219941917,219942760,220011351,220012328,220022143,220022857	219941227,219942136,219942978,220011510,220012567,220022456,220023134	nan	NHEJ1	nan	nan	0,0,0,0,0,0,0
7508	XPC;NM_004628.4	3	-	14187390	14220118	14187390	14220118	16	14187390,14188739,14189357,14190011,14190263,14193784,14197784,14199460,14201190,14206262,14206877,14208618,14209706,14211887,14214316,14219915	14187709,14188929,14189551,14190281,14190498,14193966,14198045,14200442,14201380,14206483,14207135,14208803,14209930,14212100,14214612,14220118	nan	XPC	nan	nan	0,0,0,0,0,0,0,0,0,0,0,0,0,0,0,0
57654	UVSSA;NM_020894.3	4	+	1341829	1379799	1341829	1379799	13	1341829,1343261,1345452,1346767,1348472,1348854,1360057,1369101,1369771,1373784,1374617,1377503,1379605	1342027,1343692,1345673,1347251,1348685,1349083,1360269,1369346,1370006,1374068,1374826,1377778,1379799	nan	UVSSA	nan	nan	0,0,0,0,0,0,0,0,0,0,0,0,0
2261	FGFR3;NM_000142.4	4	+	1795611	1809039	1795611	1809039	17	1795611,1800930,1801423,1803043,1803296,1803511,1805368,1806006,1806500,1807031,1807235,1807426,1807727,1807933,1808222,1808505,1808792	1795820,1801300,1801589,1803313,1803520,1803802,1805613,1806297,1806746,1807253,1807446,1807717,1807950,1808104,1808460,1808711,1809039	nan	FGFR3	nan	nan	0,0,0,0,0,0,0,0,0,0,0,0,0,0,0,0,0
1161	ERCC8;NM_000082.3	5	-	60170391	60240885	60170391	60240885	12	60170391,60183216,60186665,60194052,60195403,60198218,60199424,60200568,60214041,60217830,60224640,60240708	60170560,60183397,60186963,60194277,60195604,60198385,60199593,60200750,60214265,60218032,60224836,60240885	nan	ERCC8	nan	nan	0,0,0,0,0,0,0,0,0,0,0,0
7518	XRCC4;NM_022550.3	5	+	82400688	82649111	82400688	82649111	7	82400688,82406796,82491538,82499320,82500583,82554298,82648899	82400927,82407072,82491805,82499576,82500790,82554546,82649111	nan	XRCC4	nan	nan	0,0,0,0,0,0,0
6690	SPINK1;NM_003122.4	5	-	147204173	147211190	147204173	147211190	4	147204173,147207534,147209111,147211035	147204319,147207741,147209243,147211190	nan	SPINK1	nan	nan	0,0,0,0
5429	POLH;NM_006502.2	6	+	43550006	43582344	43550006	43582344	10	43550006,43550693,43554958,43565382,43568674,43571578,43572301,43572940,43578240,43581346	43550243,43550928,43555276,43565652,43568878,43571798,43572525,43573106,43578510,43582344	nan	POLH	nan	nan	0,0,0,0,0,0,0,0,0,0
404672	GTF2H5;NM_207118.2	6	+	158591485	158613239	158591485	158613239	2	158591485,158612958	158591620,158613239	nan	GTF2H5	nan	nan	0,0
136647	MPLKIP;NM_138701.3	7	-	40172607	40174216	40172607	40174216	2	40172607,40173777	40172908,40174216	nan	MPLKIP	nan	nan	0,0
1080	CFTR;NM_000492.3	7	+	117120098	117307212	117120098	117307212	27	117120098,117144256,117149037,117170902,117174279,117175251,117176551,117180103,117182019,117188644,117199467,117227742,117230356,117231937,117234933,117242829,117243535,117246677,117250522,117251584,117254616,117267525,117282441,117292845,117304691,117305462,117306911	117120251,117144467,117149246,117171218,117174469,117175515,117176777,117180450,117182212,117188927,117199759,117227937,117230543,117232761,117235162,117242967,117243886,117246857,117250773,117251912,117254817,117267874,117282697,117293035,117304964,117305668,117307212	nan	CFTR	nan	nan	0,0,0,0,0,0,0,0,0,0,0,0,0,0,0,0,0,0,0,0,0,0,0,0,0,0,0
5644	PRSS1;NM_002769.4	7	+	142457285	142460921	142457285	142460921	5	142457285,142458355,142459574,142460231,142460668	142457425,142458615,142459928,142460468,142460921	nan	PRSS1	nan	nan	0,0,0,0,0
79581	SLC52A2;NM_024531.4	8	+	145582903	145584725	145582903	145584725	4	145582903,145583232,145584199,145584412	145583133,145584203,145584423,145584725	nan	SLC52A2	nan	nan	0,0,0,0
1029	CDKN2A;NM_000077.4	9	-	21968177	21974876	21968177	21974876	3	21968177,21970850,21974626	21968291,21971257,21974876	nan	CDKN2A	nan	nan	0,0,0
5727	PTCH1;NM_000264.4	9	-	98209143	98270693	98209143	98270693	23	98209143,98211300,98212072,98215709,98218507,98220244,98221831,98224087,98229347,98230982,98232044,98238265,98238990,98239778,98240286,98241231,98242200,98242621,98244180,98244365,98247916,98268638,98270392	98209783,98211655,98212272,98215952,98218745,98220625,98222115,98224330,98229757,98231485,98232263,98238491,98239189,98240034,98240518,98241479,98242422,98242920,98244372,98244535,98248206,98268931,98270693	nan	PTCH1	nan	nan	0,0,0,0,0,0,0,0,0,0,0,0,0,0,0,0,0,0,0,0,0,0,0
7507	XPA;NM_000380.3	9	-	100437670	100459624	100437670	100459624	6	100437670,100447154,100449327,100451765,100455880,100459352	100437919,100447372,100449593,100451971,100456091,100459624	nan	XPA	nan	nan	0,0,0,0,0,0
2074	ERCC6;NM_000124.3	10	-	50666810	50741060	50666810	50741060	20	50666810,50668368,50669347,50678177,50678970,50680371,50680904,50681472,50682022,50684210,50686349,50690682,50691341,50701112,50708533,50713879,50732028,50736412,50738715,50740538	50667330,50668547,50669652,50678985,50679216,50680566,50681124,50681683,50682338,50684406,50686566,50690959,50691612,50701348,50708792,50714108,50732873,50736621,50738936,50741060	nan	ERCC6	nan	nan	0,0,0,0,0,0,0,0,0,0,0,0,0,0,0,0,0,0,0,0
23522	KAT6B;NM_012330.3	10	+	76602565	76790854	76602565	76790854	16	76602565,76719677,76729367,76729727,76732214,76735106,76737023,76738931,76741494,76744787,76748726,76780289,76780833,76781588,76784665,76788196	76603286,76719886,76729583,76729909,76732447,76736138,76737245,76739147,76741736,76745049,76748920,76780621,76781093,76782039,76785057,76790854	nan	KAT6B	nan	nan	0,0,0,0,0,0,0,0,0,0,0,0,0,0,0,0
1643	DDB2;NM_000107.2	11	+	47236637	47260450	47236637	47260450	10	47236637,47237836,47238358,47254314,47256073,47256257,47256770,47259337,47259638,47260300	47236864,47238073,47238650,47254560,47256273,47256535,47257013,47259602,47259784,47260450	nan	DDB2	nan	nan	0,0,0,0,0,0,0,0,0,0
1642	DDB1;NM_001923.4	11	-	61067557	61100490	61067557	61100490	27	61067557,61068230,61069678,61070003,61070467,61071286,61076404,61077217,61077716,61079205,61079410,61080920,61081283,61081468,61081729,61083706,61083913,61089016,61089717,61090432,61091400,61093032,61094200,61096784,61097379,61098964,61100329	61067741,61068454,61069881,61070273,61070677,61071557,61076599,61077482,61077940,61079417,61079606,61081228,61081491,61081732,61082008,61083915,61084089,61089219,61089934,61090616,61091659,61093230,61094415,61097106,61097596,61099213,61100490	nan	DDB1	nan	nan	0,0,0,0,0,0,0,0,0,0,0,0,0,0,0,0,0,0,0,0,0,0,0,0,0,0,0
3508	IGHMBP2;NM_002180.2	11	+	68671370	68707249	68671370	68707249	15	68671370,68673486,68675562,68675951,68678857,68682240,68685153,68696600,68700716,68701212,68701881,68702716,68703654,68705599,68706951	68671556,68673756,68675855,68676149,68679121,68682541,68685401,68696875,68700999,68701431,68702076,68702940,68704609,68705872,68707249	nan	IGHMBP2	nan	nan	0,0,0,0,0,0,0,0,0,0,0,0,0,0,0
1280	COL2A1;NM_001844.4	12	-	48367139	48398154	48367139	48398154	54	48367139,48367821,48368407,48369049,48369695,48370246,48370544,48370834,48371052,48371332,48371742,48372023,48372329,48373243,48373741,48374286,48374647,48375075,48375508,48375839,48376234,48376580,48376825,48377117,48377415,48377819,48378278,48378727,48379266,48379460,48379644,48380068,48380567,48380810,48381001,48381343,48382960,48383493,48386610,48387190,48387541,48387726,48388156,48388987,48389442,48389607,48390280,48391338,48391603,48391764,48391901,48392147,48393651,48397969	48367386,48368164,48368695,48369438,48369903,48370400,48370752,48370988,48371260,48371486,48371950,48372231,48372591,48373397,48373895,48374494,48374801,48375229,48375662,48375993,48376442,48376779,48376970,48377271,48377569,48377973,48378432,48378926,48379420,48379659,48379798,48380276,48380721,48381009,48381146,48381542,48383114,48383638,48386764,48387335,48387695,48387880,48388310,48389141,48389596,48389752,48390458,48391540,48391757,48391897,48392034,48392264,48393958,48398154	nan	COL2A1	nan	nan	0,0,0,0,0,0,0,0,0,0,0,0,0,0,0,0,0,0,0,0,0,0,0,0,0,0,0,0,0,0,0,0,0,0,0,0,0,0,0,0,0,0,0,0,0,0,0,0,0,0,0,0,0,0
2073	ERCC5;NM_000123.3	13	+	103498566	103528303	103498566	103528303	15	103498566,103504417,103506056,103506587,103508351,103510574,103513806,103514329,103517966,103518561,103518931,103520412,103524497,103525558,103527606	103498754,103504693,103506272,103506774,103508512,103510818,103514114,103515503,103518311,103518781,103519245,103520657,103524798,103525743,103528303	nan	ERCC5	nan	nan	0,0,0,0,0,0,0,0,0,0,0,0,0,0,0
3981	LIG4;NM_002312.3	13	-	108860830	108863666	108860830	108863666	1	108860830	108863666	nan	LIG4	nan	nan	0
5663	PSEN1;NM_000021.3	14	+	73614677	73686047	73614677	73686047	10	73614677,73637454,73640223,73653510,73659301,73664688,73673043,73678426,73683783,73685791	73614864,73637805,73640465,73653678,73659622,73664887,73673230,73678700,73684002,73686047	nan	PSEN1	nan	nan	0,0,0,0,0,0,0,0,0,0
10577	NPC2;NM_006432.3	14	-	74946926	74960027	74946926	74960027	5	74946926,74947354,74951067,74952981,74959845	74947041,74947532,74951340,74953189,74960027	nan	NPC2	nan	nan	0,0,0,0,0
3073	HEXA;NM_000520.5	15	-	72636367	72668363	72636367	72668363	14	72636367,72637736,72638525,72638817,72639976,72640338,72641369,72642808,72643423,72645358,72645981,72647849,72648815,72668010	72636531,72637941,72638716,72639101,72640149,72640525,72641650,72643041,72643625,72645569,72646128,72648015,72649008,72668363	nan	HEXA	nan	nan	0,0,0,0,0,0,0,0,0,0,0,0,0,0
2072	ERCC4;NM_005236.2	16	+	14013972	14042254	14013972	14042254	11	14013972,14015837,14020367,14021834,14024516,14025963,14027998,14028952,14031572,14038529,14041420	14014279,14016118,14020663,14022142,14024797,14026192,14028209,14029650,14031765,14038742,14042254	nan	ERCC4	nan	nan	0,0,0,0,0,0,0,0,0,0,0
55065	SLC52A1;NM_017986.3	17	-	4936201	4937951	4936201	4937951	4	4936201,4936505,4936723,4937721	4936514,4936729,4937703,4937951	nan	SLC52A1	nan	nan	0,0,0,0
4864	NPC1;NM_000271.4	18	-	21112115	21166357	21112115	21166357	25	21112115,21113268,21114359,21115382,21116586,21118455,21119268,21119724,21120361,21120981,21121219,21123368,21124257,21124873,21127919,21131540,21134671,21136156,21137030,21140144,21141273,21148736,21151987,21153365,21166200	21112298,21113531,21114573,21115714,21116890,21118685,21119484,21120015,21120551,21121222,21121447,21123583,21124540,21125163,21128122,21131741,21134998,21136627,21137204,21140494,21141541,21149012,21152194,21153588,21166357	nan	NPC1	nan	nan	0,0,0,0,0,0,0,0,0,0,0,0,0,0,0,0,0,0,0,0,0,0,0,0,0
57724	EPG5;NM_020964.2	18	-	43432381	43547255	43432381	43547255	44	43432381,43435487,43437767,43438480,43440018,43445529,43446712,43447477,43450481,43456150,43458290,43458927,43459989,43462188,43464531,43467665,43469712,43479318,43480910,43483887,43487872,43490435,43492204,43493620,43495425,43495923,43496352,43497593,43502256,43503183,43505653,43508784,43510591,43514724,43519515,43523076,43523920,43526578,43528418,43529399,43531017,43532315,43534309,43547092	43432664,43435702,43438083,43438797,43440361,43445774,43447022,43447763,43450757,43456357,43458463,43459229,43460238,43462502,43464826,43467922,43469955,43479581,43481182,43484132,43488096,43490757,43492471,43493843,43495636,43496221,43496597,43497834,43502616,43503403,43505918,43509025,43510846,43514982,43519771,43523327,43524135,43526784,43528592,43529607,43531254,43532659,43535354,43547255	nan	EPG5	nan	nan	0,0,0,0,0,0,0,0,0,0,0,0,0,0,0,0,0,0,0,0,0,0,0,0,0,0,0,0,0,0,0,0,0,0,0,0,0,0,0,0,0,0,0,0
2068	ERCC2;NM_000400.3	19	-	45854836	45873848	45854836	45873848	23	45854836,45855416,45855713,45855953,45856290,45856449,45857937,45858872,45860477,45860681,45860837,45864731,45866950,45867193,45867442,45867631,45868045,45868249,45871837,45872137,45872277,45873340,45873743	45855029,45855660,45855957,45856124,45856463,45856642,45858159,45859036,45860679,45860851,45861007,45864950,45867219,45867427,45867639,45867855,45868262,45868466,45872051,45872300,45872455,45873540,45873848	nan	ERCC2	nan	nan	0,0,0,0,0,0,0,0,0,0,0,0,0,0,0,0,0,0,0,0,0,0,0
2067	ERCC1;NM_001983.3	19	-	45912882	45926682	45912882	45926682	9	45912882,45916884,45917170,45918068,45920028,45922305,45923531,45924385,45926477	45913033,45917053,45917342,45918268,45920205,45922505,45923735,45924701,45926682	nan	ERCC1	nan	nan	0,0,0,0,0,0,0,0,0
79147	FKRP;NM_024301.4	19	+	47258657	47260245	47258657	47260245	1	47258657	47260245	nan	FKRP	nan	nan	0
113278	SLC52A3;NM_033409.3	20	-	741619	746468	741619	746468	4	741619,742294,744091,745801	741932,742518,744697,746468	nan	SLC52A3	nan	nan	0,0,0,0
2187	FANCB;NM_001018113.2	X	-	14861638	14883682	14861638	14883682	8	14861638,14862574,14862927,14868576,14871110,14875933,14877253,14882631	14862153,14862912,14863458,14868846,14871339,14876126,14877506,14883682	nan	FANCB	nan	nan	0,0,0,0,0,0,0,0
170302	ARX;NM_139058.2	X	-	25022736	25033904	25022736	25033904	5	25022736,25025177,25028326,25030988,25033608	25023077,25025606,25028472,25031965,25033904	nan	ARX	nan	nan	0,0,0,0,0
1756	DMD;NM_004006.2	X	-	31139985	33229723	31139985	33229723	79	31139985,31144708,31152168,31164357,31165341,31187509,31190414,31191605,31195998,31196735,31198436,31200804,31222027,31224648,31227564,31241113,31279021,31341664,31366622,31462547,31496172,31497049,31514854,31525347,31645739,31676056,31697441,31747697,31792026,31838041,31854784,31893257,31947662,31950146,31986405,32234982,32305595,32328148,32360166,32361200,32364009,32366472,32380854,32382648,32383086,32398576,32404376,32407567,32408137,32429818,32456307,32459246,32466522,32472728,32481505,32482652,32486564,32490230,32502985,32509343,32519821,32536074,32563225,32583768,32591596,32591811,32613823,32632369,32662198,32663030,32715936,32717178,32827559,32834534,32841361,32862849,32867794,33038205,33229348	31140097,31144840,31152361,31164581,31165685,31187768,31190580,31191771,31196137,31196972,31198648,31201071,31222285,31224834,31227866,31241288,31279183,31341825,31366801,31462794,31496541,31497270,31515111,31525620,31646029,31676311,31697753,31747915,31792359,31838250,31854989,31893540,31947912,31950394,31986681,32235230,32305868,32328443,32360449,32361453,32364247,32366695,32381125,32382877,32383366,32398847,32404632,32407841,32408348,32430080,32456557,32459481,32466805,32472999,32481761,32482866,32486877,32490476,32503266,32509685,32520009,32536298,32563501,32584048,32591804,32592013,32614043,32632620,32662480,32663319,32716165,32717460,32827778,32834807,32841554,32863027,32867987,33038367,33229723	nan	DMD	nan	nan	0,0,0,0,0,0,0,0,0,0,0,0,0,0,0,0,0,0,0,0,0,01456,0,0,0,0,0,0,0,0,0,0,0,0,0,0,0,0,0,0,0,0,0,0,0,0,0,0,0,0,0,0,0,0,0,0,0,0,0,0,0,0,0,0,0,0,0,0,0,0,0,0,0,0,0,0,0,0,0
7317	UBA1;NM_003334.3	X	+	47058151	47074378	47058151	47074378	25	47058151,47058396,47058557,47058828,47060242,47060624,47060826,47061504,47061706,47061986,47062291,47062482,47062889,47065296,47065596,47068971,47069276,47070190,47070384,47071772,47072119,47072338,47073675,47073885,47074142	47058368,47058555,47058826,47059063,47060449,47060815,47061059,47061702,47061953,47062263,47062496,47062663,47063145,47065562,47065893,47069136,47069572,47070365,47070674,47071961,47072312,47072630,47073877,47074086,47074378	nan	UBA1	nan	nan	0,0,0,0,0,0,0,0,0,0,0,0,0,0,0,0,0,0,0,0,0,0,0,0,0
4534	MTM1;NM_000252.2	X	+	149761026	149840118	149761026	149840118	14	149761026,149764911,149767005,149783011,149787460,149807365,149809691,149814105,149818138,149826243,149828086,149828793,149831855,149839850	149761189,149765084,149767200,149783222,149787662,149807549,149809941,149814394,149818424,149826550,149828279,149829007,149832132,149840118	nan	MTM1	nan	nan	0,0,0,0,0,0,0,0,0,0,0,0,0,0
