#bin	name	chrom	strand	txStart	txEnd	cdsStart	cdsEnd	exonCount	exonStarts	exonSEnds	score	name2	cdsStartStat	cdsEndStat	exonFrames
4524	MTHFR;NM_005957.4	1	-	11845776	11866170	11845776	11866170	12	11845776,11851253,11852324,11853953,11854404,11854775,11855144,11856252,11860258,11861207,11862927,11865934	11850965,11851393,11852446,11854156,11854605,11854930,11855415,11856466,11860389,11861466,11863196,11866170	nan	MTHFR	nan	nan	0,0,0,0,0,0,0,0,0,0,0,0
25974	MMACHC;NM_015506.2	1	+	45965845	45976749	45965845	45976749	4	45965845,45973017,45973873,45974457	45966095,45973232,45974046,45976749	nan	MMACHC	nan	nan	0,0,0,0
5236	PGM1;NM_002633.2	1	+	64058936	64125926	64058936	64125926	11	64058936,64095085,64095602,64097317,64100489,64101894,64104345,64114177,64117329,64119992,64125246	64059415,64095268,64095769,64097463,64100700,64102069,64104481,64114333,64117533,64120147,64125926	nan	PGM1	nan	nan	0,0,0,0,0,0,0,0,0,0,0
178	AGL;NM_000028.2	1	+	100316034	100389589	100316034	100389589	34	100316034,100316520,100327048,100327802,100329931,100335945,100336303,100340232,100340699,100340903,100342003,100343186,100345468,100346177,100346621,100346837,100347086,100349665,100349884,100350114,100353523,100356765,100357151,100357977,100361831,100366181,100368228,100376257,100377950,100379072,100380934,100381955,100382143,100387079	100316464,100316690,100327279,100327989,100330155,100336147,100336435,100340376,100340822,100341021,100342163,100343394,100345612,100346361,100346743,100347013,100347257,100349810,100350017,100350269,100353674,100356922,100357305,100358173,100361954,100366427,100368360,100376413,100378083,100379304,100381052,100382063,100382297,100389589	nan	AGL	nan	nan	0,0,0,0,0,0,0,0,0,0,0,0,0,0,0,0,0,0,0,0,0,0,0,0,0,0,0,0,0,0,0,0,0,0
4548	MTR;NM_000254.2	1	+	236958570	237067291	236958570	237067291	33	236958570,236966717,236969433,236971993,236973792,236976027,236978893,236979738,236987408,236988627,236990118,236992478,236995255,236998836,237001703,237013633,237015810,237016237,237023122,237024414,237025525,237026743,237037062,237038015,237044044,237048410,237049581,237052470,237054422,237057646,237058647,237060295,237060847	236959047,236966952,236969543,236972083,236973905,236976154,236978973,236979853,236987529,236988709,236990206,236992578,236995388,236998997,237001909,237013833,237015947,237016398,237023232,237024587,237025653,237026864,237037150,237038156,237044146,237048529,237049677,237052646,237054639,237057867,237058860,237060428,237067291	nan	MTR	nan	nan	0,0,0,0,0,0,0,0,0,0,0,0,0,0,0,0,0,0,0,0,0,0,0,0,0,0,0,0,0,0,0,0,0
84693	MCEE;NM_032601.3	2	-	71336795	71357404	71336795	71357404	3	71336795,71351325,71357299	71337262,71351683,71357404	nan	MCEE	nan	nan	0,0,0
27249	MMADHC;NM_015702.2	2	-	150426136	150444340	150426136	150444340	8	150426136,150427588,150432214,150432940,150435934,150438630,150443592,150444167	150426692,150427695,150432365,150433066,150436172,150438795,150443673,150444340	nan	MMADHC	nan	nan	0,0,0,0,0,0,0,0
1373	CPS1;NM_001122633.2	2	+	211342395	211543841	211342395	211543841	39	211342395,211421432,211438011,211441059,211442134,211444427,211447330,211452771,211454819,211455513,211456544,211457592,211459221,211460200,211464085,211465268,211466915,211469815,211471444,211473074,211476830,211481136,211502415,211503863,211504709,211507197,211512576,211513186,211515076,211518738,211521238,211523312,211525198,211527836,211532899,211539615,211540441,211541720,211542600	211342500,211421593,211438141,211441224,211442244,211444504,211447443,211452881,211454968,211455640,211456703,211457690,211459340,211460316,211464295,211465446,211467064,211469980,211471675,211473293,211477027,211481275,211502577,211503949,211504793,211507399,211512791,211513274,211515172,211518836,211521366,211523422,211525389,211527931,211533018,211539695,211540574,211541870,211543841	nan	CPS1	nan	nan	0,0,0,0,0,0,0,0,0,0,0,0,0,0,0,0,0,0,0,0,0,0,0,0,0,0,0,0,0,0,0,0,0,0,0,0,0,0,0
2632	GBE1;NM_000158.3	3	-	81538839	81810960	81538839	81810960	16	81538839,81548250,81584333,81586051,81627065,81630305,81635232,81640177,81643048,81691921,81695532,81697996,81698936,81719978,81754584,81810515	81539624,81548386,81584486,81586256,81627257,81630436,81635351,81640325,81643184,81692151,81695643,81698152,81699082,81720114,81754774,81810960	nan	GBE1	nan	nan	0,0,0,0,0,0,0,0,0,0,0,0,0,0,0,0
2992	GYG1;NM_004130.3	3	+	148709184	148745466	148709184	148745466	8	148709184,148711918,148714078,148714518,148727052,148741829,148744228,148744536	148709444,148712074,148714273,148714701,148727199,148742069,148744299,148745466	nan	GYG1	nan	nan	0,0,0,0,0,0,0,0
6514	SLC2A2;NM_000340.1	3	-	170714126	170744778	170714126	170744778	11	170714126,170715971,170716843,170720354,170723063,170723721,170724926,170727736,170732247,170736309,170744434	170715902,170716195,170716965,170720479,170723271,170723904,170725062,170727881,170732530,170736422,170744778	nan	SLC2A2	nan	nan	0,0,0,0,0,0,0,0,0,0,0
5504	PPP1R2;NM_006241.7	3	-	195241207	195270234	195241207	195270234	6	195241207,195245804,195250479,195251606,195256584,195269716	195243750,195245992,195250594,195251704,195256712,195270234	nan	PPP1R2	nan	nan	0,0,0,0,0,0
166785	MMAA;NM_172250.2	4	+	146540529	146581197	146540529	146581197	7	146540529,146560216,146563504,146567127,146572203,146575135,146576288	146540569,146560740,146563647,146567318,146572309,146575305,146581197	nan	MMAA	nan	nan	0,0,0,0,0,0,0
4552	MTRR;NM_024010.2	5	+	7869206	7901245	7869206	7901245	15	7869206,7870872,7873475,7875360,7878046,7883257,7885803,7886717,7889197,7891474,7892829,7895836,7896966,7897167,7900016	7869312,7871046,7873649,7875498,7878445,7883400,7885977,7886826,7889398,7891537,7893036,7895975,7897079,7897370,7901245	nan	MTRR	nan	nan	0,0,0,0,0,0,0,0,0,0,0,0,0,0,0
378884	NHLRC1;NM_198586.2	6	-	18120707	18122861	18120707	18122861	1	18120707	18122861	nan	NHLRC1	nan	nan	0
4594	MUT;NM_000255.3	6	-	49398062	49431051	49398062	49431051	13	49398062,49403158,49407908,49409542,49412341,49415372,49416518,49419168,49421287,49423782,49425393,49426784,49430805	49399579,49403346,49408076,49409694,49412477,49415508,49416650,49419437,49421479,49423960,49425781,49427228,49431051	nan	MUT	nan	nan	0,0,0,0,0,0,0,0,0,0,0,0,0
55788	LMBRD1;NM_018368.3	6	-	70385630	70507059	70385630	70507059	16	70385630,70386331,70407444,70408924,70410646,70411324,70411770,70423526,70428837,70447823,70451670,70459222,70462140,70490375,70500177,70506694	70386173,70386443,70407543,70409094,70410771,70411447,70411855,70423699,70428983,70447917,70451779,70459310,70462258,70490456,70500374,70507059	nan	LMBRD1	nan	nan	0,0,0,0,0,0,0,0,0,0,0,0,0,0,0,0
383	ARG1;NM_000045.3	6	+	131894333	131905482	131894333	131905482	8	131894333,131897792,131900240,131902348,131903750,131904189,131904484,131904871	131894489,131897885,131900435,131902528,131903865,131904314,131904641,131905482	nan	ARG1	nan	nan	0,0,0,0,0,0,0,0
7957	EPM2A;NM_005670.3	6	-	145946429	146057001	145946429	146057001	4	145946429,145956370,146007247,146056323	145948839,145956632,146007442,146057001	nan	EPM2A	nan	nan	0,0,0,0
5224	PGAM2;NM_000290.3	7	-	44102315	44105196	44102315	44105196	3	44102315,44104420,44104704	44102539,44104621,44105196	nan	PGAM2	nan	nan	0,0,0
5260	PHKG1;NM_006213.4	7	-	56147965	56160699	56147965	56160699	10	56147965,56149312,56149575,56149845,56150960,56151332,56154652,56155280,56156541,56160518	56149002,56149458,56149749,56149956,56151144,56151418,56154727,56155479,56156678,56160699	nan	PHKG1	nan	nan	0,0,0,0,0,0,0,0,0,0
435	ASL;NM_000048.3	7	+	65540765	65558339	65540765	65558339	17	65540765,65541015,65546779,65547344,65547856,65548053,65551561,65551720,65552310,65552705,65553783,65554067,65554252,65554588,65556982,65557533,65557744	65540853,65541090,65546994,65547448,65547933,65548171,65551659,65551818,65552383,65552788,65553918,65554172,65554332,65554692,65557083,65557660,65558339	nan	ASL	nan	nan	0,0,0,0,0,0,0,0,0,0,0,0,0,0,0,0,0
10165	SLC25A13;NM_001160210.1	7	-	95749521	95951469	95749521	95951469	18	95749521,95750956,95751140,95761044,95775857,95799346,95800773,95813578,95814228,95818595,95818882,95820410,95822338,95838139,95864103,95906497,95926199,95951243	95750699,95751067,95751319,95761203,95776018,95799447,95800846,95813757,95814336,95818700,95818996,95820569,95822505,95838299,95864239,95906660,95926273,95951469	nan	SLC25A13	nan	nan	0,0,0,0,0,0,0,0,0,0,0,0,0,0,0,0,0,0
51422	PRKAG2;NM_016203.3	7	-	151253190	151574326	151253190	151574326	16	151253190,151257599,151261153,151262421,151262795,151265791,151267246,151269739,151271966,151273446,151292420,151329144,151372495,151478227,151483545,151573581	151254328,151257713,151261320,151262479,151262981,151265938,151267321,151269805,151272045,151273548,151292550,151329234,151372733,151478527,151483637,151574326	nan	PRKAG2	nan	nan	0,0,0,0,0,0,0,0,0,0,0,0,0,0,0,0
2203	FBP1;NM_000507.3	9	-	97365410	97401933	97365410	97401933	7	97365410,97367728,97369086,97372192,97380039,97382600,97401412	97365864,97367868,97369244,97372353,97380152,97382783,97401933	nan	FBP1	nan	nan	0,0,0,0,0,0,0
229	ALDOB;NM_000035.3	9	-	104182831	104198072	104182831	104198072	9	104182831,104187114,104187724,104188826,104189753,104190740,104192026,104193047,104197980	104184196,104187334,104187919,104188930,104189934,104190815,104192258,104193189,104198072	nan	ALDOB	nan	nan	0,0,0,0,0,0,0,0,0
445	ASS1;NM_000050.4	9	+	133320083	133376671	133320083	133376671	16	133320083,133325648,133327600,133329681,133333777,133339487,133342101,133346210,133346861,133352247,133355092,133355761,133364709,133370243,133374881,133376352	133320392,133325730,133327730,133329770,133333986,133339564,133342196,133346301,133346912,133352358,133355197,133355846,133364861,133370420,133374967,133376671	nan	ASS1	nan	nan	0,0,0,0,0,0,0,0,0,0,0,0,0,0,0,0
8029	CUBN;NM_001081.3	10	-	16865954	17171826	16865954	17171826	67	16865954,16870793,16873240,16877002,16878223,16882318,16882873,16893223,16911624,16916362,16918885,16930405,16932359,16940984,16942613,16943326,16945954,16948191,16949496,16955799,16957020,16957809,16960610,16961951,16967229,16967572,16970145,16975075,16979580,16980951,16982020,16989223,16990466,16991989,16994264,16996377,17024472,17026093,17032322,17061821,17083021,17085815,17086995,17087922,17089402,17107496,17110052,17110593,17113414,17113815,17126259,17127585,17130152,17141993,17145113,17146407,17147445,17151628,17152907,17156015,17157459,17164783,17165576,17168749,17169817,17171109,17171632	16867091,16871049,16873426,16877204,16878391,16882544,16883056,16893452,16911862,16916512,16919106,16930575,16932536,16941192,16942859,16943468,16946124,16948418,16949688,16956001,16957181,16958039,16960809,16962146,16967433,16967783,16970312,16975293,16979793,16981156,16982246,16989376,16990615,16992120,16994398,16996557,17024662,17026288,17032524,17061992,17083229,17085992,17087197,17088103,17089612,17107647,17110289,17110779,17113613,17113980,17126470,17127768,17130354,17142248,17145246,17146614,17147584,17151744,17153059,17156198,17157606,17164907,17165698,17168808,17169933,17171259,17171826	nan	CUBN	nan	nan	0,0,0,0,0,0,0,0,0,0,0,0,0,0,0,0,0,0,0,0,0,0,0,0,0,0,0,0,0,0,0,0,0,0,0,0,0,0,0,0,0,0,0,0,0,0,0,0,0,0,0,0,0,0,0,0,0,0,0,0,0,0,0,0,0,0,0
3988	LIPA;NM_000235.3	10	-	90973315	91011806	90973315	91011806	10	90973315,90975684,90982257,90983430,90984838,90986641,90987946,91005422,91007284,91011483	90974828,90975776,90982349,90983597,90984995,90986771,90988165,91005560,91007416,91011806	nan	LIPA	nan	nan	0,0,0,0,0,0,0,0,0,0
4942	OAT;NM_000274.3	10	-	126085861	126107555	126085861	126107555	10	126085861,126089398,126090284,126091485,126092356,126093994,126097100,126097299,126100531,126107431	126086681,126089563,126090418,126091634,126092499,126094142,126097216,126097544,126100779,126107555	nan	OAT	nan	nan	0,0,0,0,0,0,0,0,0,0
3939	LDHA;NM_005566.3	11	+	18415925	18429775	18415925	18429775	8	18415925,18418355,18420967,18422373,18424376,18425230,18426985,18428653	18416193,18418525,18421105,18422567,18424570,18425368,18427129,18429775	nan	LDHA	nan	nan	0,0,0,0,0,0,0,0
2694	GIF;NM_005142.2	11	-	59596735	59612984	59596735	59612984	9	59596735,59599140,59603270,59604636,59608605,59609905,59610490,59611341,59612837	59597028,59599279,59603492,59604834,59608807,59610066,59610624,59611538,59612984	nan	GIF	nan	nan	0,0,0,0,0,0,0,0,0
5837	PYGM;NM_005609.3	11	-	64513850	64527779	64513850	64527779	20	64513850,64514382,64514685,64517837,64518786,64519058,64519385,64519864,64520534,64520980,64521340,64521714,64522154,64522734,64522908,64525240,64525707,64525898,64526064,64527117	64514290,64514469,64514840,64518065,64518948,64519137,64519553,64519986,64520669,64521164,64521507,64521827,64522318,64522837,64523040,64525392,64525831,64525997,64526186,64527779	nan	PYGM	nan	nan	0,0,0,0,0,0,0,0,0,0,0,0,0,0,0,0,0,0,0,0
2542	SLC37A4;NM_001164277.1	11	-	118895050	118901626	118895050	118901626	11	118895050,118895890,118896666,118897302,118897636,118898327,118898426,118898893,118899921,118900931,118901548	118895796,118896049,118896800,118897408,118897815,118898445,118898592,118899146,118900284,118901455,118901626	nan	SLC37A4	nan	nan	0,0,0,0,0,0,0,0,0,0,0
2998	GYS2;NM_021957.3	12	-	21689112	21757791	21689112	21757791	16	21689112,21692181,21693333,21695419,21699267,21711123,21712014,21712574,21713309,21715841,21716151,21721788,21727067,21728789,21733265,21757395	21690119,21692282,21693517,21695535,21699414,21711257,21712113,21712654,21713436,21715982,21716289,21721953,21727270,21729001,21733467,21757791	nan	GYS2	nan	nan	0,0,0,0,0,0,0,0,0,0,0,0,0,0,0,0
5213	PFKM;NM_000289.5	12	+	48513002	48540197	48513002	48540197	23	48513002,48516539,48524135,48525088,48526640,48527087,48528004,48528493,48528715,48529063,48531493,48533057,48533621,48534494,48535083,48535512,48535686,48536554,48537525,48537818,48538803,48538982,48539336	48513199,48516652,48524229,48525186,48526850,48527273,48528069,48528622,48528831,48529176,48531639,48533142,48533705,48534664,48535174,48535620,48535859,48536739,48537607,48537950,48538923,48539108,48540197	nan	PFKM	nan	nan	0,0,0,0,0,0,0,0,0,0,0,0,0,0,0,0,0,0,0,0,0,0,0
326625	MMAB;NM_052845.3	12	-	109991510	110011368	109991510	110011368	9	109991510,109996890,109998834,109999214,109999574,110002913,110006564,110009443,110011141	109994951,109996970,109998919,109999332,109999667,110002991,110006678,110009525,110011368	nan	MMAB	nan	nan	0,0,0,0,0,0,0,0,0
10166	SLC25A15;NM_014252.3	13	+	41363536	41386606	41363536	41386606	7	41363536,41367283,41373182,41379243,41381419,41382563,41383668	41363809,41367427,41373461,41379401,41381609,41382742,41386606	nan	SLC25A15	nan	nan	0,0,0,0,0,0,0
8803	SUCLA2;NM_003850.2	13	-	48516780	48575472	48516780	48575472	11	48516780,48523064,48523607,48528264,48528520,48542719,48547388,48562665,48563006,48570967,48575305	48517590,48523173,48523748,48528427,48528702,48542878,48547537,48562848,48563126,48571168,48575472	nan	SUCLA2	nan	nan	0,0,0,0,0,0,0,0,0,0,0
5836	PYGL;NM_002863.4	14	-	51371924	51411258	51371924	51411258	20	51371924,51374978,51375528,51376602,51378437,51378685,51378863,51379736,51381408,51382043,51382532,51383349,51383669,51387248,51387663,51390676,51398380,51401814,51404443,51410868	51372284,51375065,51375683,51376830,51378599,51378764,51379031,51379858,51381543,51382227,51382699,51383462,51383833,51387351,51387795,51390828,51398504,51401913,51404565,51411258	nan	PYGL	nan	nan	0,0,0,0,0,0,0,0,0,0,0,0,0,0,0,0,0,0,0,0
81693	AMN;NM_030943.3	14	+	103388982	103397189	103388982	103397189	12	103388982,103390037,103390261,103394752,103395084,103395447,103395754,103395981,103396250,103396491,103396732,103396902	103389078,103390176,103390326,103394860,103395322,103395605,103395883,103396084,103396433,103396674,103396840,103397189	nan	AMN	nan	nan	0,0,0,0,0,0,0,0,0,0,0,0
3712	IVD;NM_002225.3	15	+	40697675	40713522	40697675	40713522	12	40697675,40699826,40700127,40702816,40703448,40703743,40705179,40707077,40707589,40708266,40708478,40710318	40698182,40699936,40700199,40703006,40703562,40703900,40705296,40707191,40707691,40708391,40708571,40713522	nan	IVD	nan	nan	0,0,0,0,0,0,0,0,0,0,0,0
226	ALDOA;NM_000034.3	16	+	30064400	30081751	30064400	30081751	14	30064400,30064774,30066094,30066482,30075039,30075734,30078544,30078760,30079956,30080128,30080616,30080809,30081140,30081427	30064548,30064830,30066258,30066658,30075579,30075836,30078697,30078992,30080031,30080309,30080720,30081004,30081360,30081751	nan	ALDOA	nan	nan	0,0,0,0,0,0,0,0,0,0,0,0,0,0
5261	PHKG2;NM_000294.2	16	+	30759609	30772507	30759609	30772507	10	30759609,30760113,30762416,30762859,30764542,30764704,30767492,30767677,30767900,30768114	30759821,30760246,30762612,30762934,30764628,30764888,30767603,30767851,30768046,30772507	nan	PHKG2	nan	nan	0,0,0,0,0,0,0,0,0,0
5257	PHKB;NM_000293.2	16	+	47495199	47735444	47495199	47735444	31	47495199,47531299,47533656,47536891,47545565,47549421,47581333,47614195,47621568,47622805,47627400,47628037,47630273,47644726,47674935,47675499,47682433,47683000,47684444,47684731,47694406,47694557,47695619,47697577,47698785,47703115,47722941,47727278,47730281,47732348,47733129	47495347,47531409,47533815,47537011,47545693,47549522,47581469,47614279,47621684,47623023,47627478,47628135,47630452,47644841,47675011,47675613,47682537,47683125,47684547,47684842,47694488,47694740,47695721,47697655,47698896,47703338,47723096,47727428,47730409,47732509,47735444	nan	PHKB	nan	nan	0,0,0,0,0,0,0,0,0,0,0,0,0,0,0,0,0,0,0,0,0,0,0,0,0,0,0,0,0,0,0
23417	MLYCD;NM_012213.2	16	+	83932719	83949797	83932719	83949797	5	83932719,83940581,83941720,83945812,83948550	83933287,83940714,83941897,83945982,83949797	nan	MLYCD	nan	nan	0,0,0,0,0
197322	ACSF3;NM_001127214.3	16	+	89160206	89222264	89160206	89222264	10	89160206,89167059,89169001,89178489,89180736,89187198,89199533,89211664,89212335,89220487	89160414,89167765,89169177,89178664,89180905,89187331,89199680,89211819,89212467,89222264	nan	ACSF3	nan	nan	0,0,0,0,0,0,0,0,0,0
2027	ENO3;NM_001976.4	17	+	4854373	4860436	4854373	4860436	12	4854373,4855112,4856079,4856335,4856556,4856996,4858359,4858691,4859226,4859857,4860115,4860262	4854529,4855219,4856195,4856414,4856646,4857150,4858602,4858909,4859448,4859986,4860194,4860436	nan	ENO3	nan	nan	0,0,0,0,0,0,0,0,0,0,0,0
113235	SLC46A1;NM_080669.5	17	-	26721650	26733240	26721650	26733240	6	26721650,26727615,26727712,26729245,26731623,26732894	26726739,26727731,26727793,26729349,26732496,26733240	nan	SLC46A1	nan	nan	0,0,0,0,0,0
2538	G6PC;NM_000151.3	17	+	41052803	41066460	41052803	41066460	5	41052803,41055937,41059529,41061309,41062921	41053133,41056067,41059655,41061445,41066460	nan	G6PC	nan	nan	0,0,0,0,0
162417	NAGS;NM_153006.2	17	+	42082021	42086446	42082021	42086446	7	42082021,42082994,42083381,42083886,42084680,42084948,42085805	42082467,42083289,42083615,42084087,42084872,42085151,42086446	nan	NAGS	nan	nan	0,0,0,0,0,0,0
2548	GAA;NM_000152.4	17	+	78075314	78093691	78075314	78093691	20	78075314,78078343,78079537,78081345,78081588,78082078,78082277,78082485,78083733,78084515,78084729,78085771,78086366,78086664,78087006,78090756,78091388,78091981,78092441,78093060	78075699,78078941,78079703,78081531,78081705,78082218,78082416,78082637,78083864,78084649,78084834,78085909,78086520,78086836,78087175,78090918,78091558,78092166,78092614,78093691	nan	GAA	nan	nan	0,0,0,0,0,0,0,0,0,0,0,0,0,0,0,0,0,0,0,0
51293	CD320;NM_016579.3	19	-	8367000	8373250	8367000	8373250	5	8367000,8367650,8368728,8369904,8373022	8367499,8367874,8368982,8370050,8373250	nan	CD320	nan	nan	0,0,0,0,0
2997	GYS1;NM_002103.4	19	-	49471371	49496620	49471371	49496620	16	49471371,49473021,49473792,49474174,49477459,49477866,49481170,49481344,49484776,49485501,49485966,49488707,49489096,49490440,49494548,49496241	49472878,49473122,49473976,49474290,49477606,49478000,49481269,49481424,49484903,49485642,49486104,49488872,49489302,49490652,49494750,49496620	nan	GYS1	nan	nan	0,0,0,0,0,0,0,0,0,0,0,0,0,0,0,0
875	CBS;NM_000071.2	21	-	44473290	44496050	44473290	44496050	17	44473290,44476902,44478244,44478933,44479325,44480540,44482410,44483052,44483999,44485302,44485486,44485715,44486342,44488608,44492084,44493365,44495869	44474103,44477007,44478373,44479088,44479423,44480666,44482515,44483198,44484111,44485392,44485641,44485815,44486497,44488735,44492321,44493461,44496050	nan	CBS	nan	nan	0,0,0,0,0,0,0,0,0,0,0,0,0,0,0,0,0
5211	PFKL;NM_002626.5	21	+	45719906	45747274	45719906	45747274	22	45719906,45726553,45730878,45731977,45732850,45733510,45733785,45736116,45736304,45738342,45739223,45739956,45741601,45742005,45742834,45743638,45744363,45744728,45745025,45745833,45746031,45746587	45720083,45726647,45730976,45732187,45733036,45733575,45733914,45736232,45736417,45738488,45739308,45740040,45741768,45742096,45742942,45743811,45744548,45744810,45745157,45745953,45746157,45747274	nan	PFKL	nan	nan	0,0,0,0,0,0,0,0,0,0,0,0,0,0,0,0,0,0,0,0,0,0
6948	TCN2;NM_000355.3	22	+	31003059	31023057	31003059	31023057	9	31003059,31006847,31008849,31010325,31011277,31011577,31013306,31018944,31022436	31003392,31007060,31009039,31010498,31011470,31011784,31013492,31019080,31023057	nan	TCN2	nan	nan	0,0,0,0,0,0,0,0,0
8908	GYG2;NM_003918.2	X	+	2746852	2800871	2746852	2800871	12	2746852,2748091,2761028,2761243,2772010,2773023,2774528,2777873,2779552,2793840,2795230,2799082	2747026,2748246,2761141,2761405,2772205,2773206,2774675,2778116,2779773,2793965,2795358,2800871	nan	GYG2	nan	nan	0,0,0,0,0,0,0,0,0,0,0,0
5256	PHKA2;NM_000292.2	X	-	18910405	19002490	18910405	19002490	33	18910405,18912311,18913245,18915270,18917280,18918777,18919592,18923865,18924602,18924843,18925125,18926007,18926908,18928979,18936788,18938139,18942163,18942488,18943775,18944560,18947335,18949748,18954162,18956734,18958102,18959636,18961817,18963185,18966851,18969211,18970601,18972361,19001962	18911783,18912532,18913319,18915461,18917354,18918827,18919731,18923987,18924752,18924942,18925225,18926184,18927062,18929088,18936982,18938329,18942262,18942653,18943905,18944715,18947434,18949876,18954278,18956877,18958176,18959803,18961936,18963286,18966954,18969400,18970669,18972540,19002490	nan	PHKA2	nan	nan	0,0,0,0,0,0,0,0,0,0,0,0,0,0,0,0,0,0,0,0,0,0,0,0,0,0,0,0,0,0,0,0,0
5009	OTC;NM_000531.5	X	+	38211725	38280713	38211725	38280713	10	38211725,38226533,38229038,38240584,38260517,38262860,38267984,38268118,38271104,38280265	38212036,38226692,38229140,38240692,38260691,38263003,38268058,38268288,38271262,38280713	nan	OTC	nan	nan	0,0,0,0,0,0,0,0,0,0
5255	PHKA1;NM_002637.3	X	-	71798653	71934039	71798653	71934039	32	71798653,71802237,71804088,71812943,71821830,71821997,71822958,71825110,71825380,71829463,71830867,71838549,71839053,71840564,71842948,71846810,71854994,71856116,71864201,71870229,71872383,71873274,71875959,71877427,71885990,71887214,71895909,71904337,71915547,71925036,71932610,71933640	71801035,71802458,71804162,71813134,71821889,71822133,71823080,71825260,71825479,71829563,71831044,71838709,71839165,71840761,71843135,71846909,71855159,71856246,71864356,71870328,71872511,71873390,71876102,71877501,71886157,71887333,71896010,71904440,71915736,71925104,71932789,71934039	nan	PHKA1	nan	nan	0,0,0,0,0,0,0,0,0,0,0,0,0,0,0,0,0,0,0,0,0,0,0,0,0,0,0,0,0,0,0,0
5230	PGK1;NM_000291.3	X	+	77359655	77382334	77359655	77382334	11	77359655,77365353,77369230,77369502,77372798,77373537,77378321,77378681,77380360,77380813,77381276	77359912,77365424,77369406,77369667,77372922,77373677,77378456,77378881,77380558,77380932,77382334	nan	PGK1	nan	nan	0,0,0,0,0,0,0,0,0,0,0
3920	LAMP2;NM_001122606.1	X	-	119559992	119603214	119559992	119603214	9	119559992,119575574,119576443,119580149,119581685,119582814,119589201,119590495,119602950	119562491,119575759,119576527,119580292,119581890,119582993,119589435,119590634,119603214	nan	LAMP2	nan	nan	0,0,0,0,0,0,0,0,0
3054	HCFC1;NM_005334.2	X	-	153212997	153236829	153212997	153236829	26	153212997,153214993,153215683,153216253,153216790,153217029,153217281,153217954,153219047,153219506,153221631,153222065,153222358,153222754,153223222,153223465,153224009,153224771,153225242,153225675,153226982,153227662,153228665,153229564,153230018,153236088	153214847,153215077,153216004,153216459,153216948,153217168,153217619,153218419,153219231,153221003,153221872,153222224,153222521,153222994,153223347,153223710,153224227,153224952,153225622,153225875,153227109,153227767,153228894,153229745,153230187,153236829	nan	HCFC1	nan	nan	0,0,0,0,0,0,0,0,0,0,0,0,0,0,0,0,0,0,0,0,0,0,0,0,0,0
