Time Stamp:2017-06-30 13:38:24.989456
Command arguments executed:
RefSeq table format version generated as /home/dnanexus/out/Output_files/Pan1158dataRefSeqFormat.txt
/home/dnanexus/mokabed/LiveBedfiles/TestArea_for_bed_generation_script/OOBed7_uses_mirrored_database_.py --codingup 10 --codingdown 10 --useaccessions --transcripts /home/dnanexus/Pan1158.txt --minuschr --outputfile /home/dnanexus/out/Output_files/Pan1158data.bed --logfile /home/dnanexus/out/Output_files/Pan1158_LogFile.txt 

 Python version: 2.7.12 |Anaconda 4.2.0 (64-bit)| (default, Jul  2 2016, 17:42:40) 
[GCC 4.4.7 20120313 (Red Hat 4.4.7-1)]

 getopt module file path: /home/dnanexus/anaconda2/lib/python2.7/getopt.py

 os module file path: /home/dnanexus/anaconda2/lib/python2.7/os.py

 pd class file path: /home/dnanexus/anaconda2/lib/python2.7/site-packages/pandas/__init__.py

 cruzdb module file path: /home/dnanexus/anaconda2/lib/python2.7/site-packages/cruzdb/__init__.py

version as defined by git tag = v1.0-112-g1e58d89

DMD 5' UTR determined from UCSC genome browser as
chrX:33,229,430-33,229,673

In Pan1158data.bed the line
X	33229388	33229439
was changed to :
X	33229388	33229673

In Pan1158dataSambamba.bed the line
X	33229388	33229439	X-33229388-33229439	0	+	DMD;NM_004006.2	1756
was changed to
X	33229388	33229673	X-33229388-33229673	0	+	DMD;NM_004006.2	1756

In Pan1158dadaRefSeqFormat.txt the line
1756	DMD;NM_004006.2	X	-	31140025	33229439	31140025	33229439	79	31140025,31144748,31152208,31164397,31165381,31187549,31190454,31191645,31196038,31196775,31198476,31200844,31222067,31224688,31227604,31241153,31279061,31341704,31366662,31462587,31496212,31497089,31514894,31525387,31645779,31676096,31697481,31747737,31792066,31838081,31854824,31893297,31947702,31950186,31986445,32235022,32305635,32328188,32360206,32361240,32364049,32366512,32380894,32382688,32383126,32398616,32404416,32407607,32408177,32429858,32456347,32459286,32466562,32472768,32481545,32482692,32486604,32490270,32503025,32509383,32519861,32536114,32563265,32583808,32591636,32591851,32613863,32632409,32662238,32663070,32715976,32717218,32827599,32834574,32841401,32862889,32867834,33038245,33229388	31140057,31144800,31152321,31164541,31165645,31187728,31190540,31191731,31196097,31196932,31198608,31201031,31222245,31224794,31227826,31241248,31279143,31341785,31366761,31462754,31496501,31497230,31515071,31525580,31645989,31676271,31697713,31747875,31792319,31838210,31854949,31893500,31947872,31950354,31986641,32235190,32305828,32328403,32360409,32361413,32364207,32366655,32381085,32382837,32383326,32398807,32404592,32407801,32408308,32430040,32456517,32459441,32466765,32472959,32481721,32482826,32486837,32490436,32503226,32509645,32519969,32536258,32563461,32584008,32591764,32591973,32614003,32632580,32662440,32663279,32716125,32717420,32827738,32834767,32841514,32862987,32867947,33038327,33229439	nan	DMD	nan	nan	0,0,0,0,0,0,0,0,0,0,0,0,0,0,0,0,0,0,0,0,0,0,0,0,0,0,0,0,0,0,0,0,0,0,0,0,0,0,0,0,0,0,0,0,0,0,0,0,0,0,0,0,0,0,0,0,0,0,0,0,0,0,0,0,0,0,0,0,0,0,0,0,0,0,0,0,0,0,0
was changed to
1756	DMD;NM_004006.2	X	-	31140025	33229683	31140025	33229673	79	31140025,31144748,31152208,31164397,31165381,31187549,31190454,31191645,31196038,31196775,31198476,31200844,31222067,31224688,31227604,31241153,31279061,31341704,31366662,31462587,31496212,31497089,31514894,31525387,31645779,31676096,31697481,31747737,31792066,31838081,31854824,31893297,31947702,31950186,31986445,32235022,32305635,32328188,32360206,32361240,32364049,32366512,32380894,32382688,32383126,32398616,32404416,32407607,32408177,32429858,32456347,32459286,32466562,32472768,32481545,32482692,32486604,32490270,32503025,32509383,32519861,32536114,32563265,32583808,32591636,32591851,32613863,32632409,32662238,32663070,32715976,32717218,32827599,32834574,32841401,32862889,32867834,33038245,33229388	31140057,31144800,31152321,31164541,31165645,31187728,31190540,31191731,31196097,31196932,31198608,31201031,31222245,31224794,31227826,31241248,31279143,31341785,31366761,31462754,31496501,31497230,31515071,31525580,31645989,31676271,31697713,31747875,31792319,31838210,31854949,31893500,31947872,31950354,31986641,32235190,32305828,32328403,32360409,32361413,32364207,32366655,32381085,32382837,32383326,32398807,32404592,32407801,32408308,32430040,32456517,32459441,32466765,32472959,32481721,32482826,32486837,32490436,32503226,32509645,32519969,32536258,32563461,32584008,32591764,32591973,32614003,32632580,32662440,32663279,32716125,32717420,32827738,32834767,32841514,32862987,32867947,33038327,33229673	nan	DMD	nan	nan	0,0,0,0,0,0,0,0,0,0,0,0,0,0,0,0,0,0,0,0,0,0,0,0,0,0,0,0,0,0,0,0,0,0,0,0,0,0,0,0,0,0,0,0,0,0,0,0,0,0,0,0,0,0,0,0,0,0,0,0,0,0,0,0,0,0,0,0,0,0,0,0,0,0,0,0,0,0,0
