#bin	name	chrom	strand	txStart	txEnd	cdsStart	cdsEnd	exonCount	exonStarts	exonSEnds	score	name2	cdsStartStat	cdsEndStat	exonFrames
57190	SELENON;NM_020451.2	1	+	26126711	26142219	26126711	26142219	13	26126711,26127523,26128496,26131622,26135060,26135506,26136163,26137934,26138171,26139167,26140361,26140557,26142028	26126914,26127661,26128618,26131776,26135290,26135651,26136321,26138036,26138380,26139293,26140494,26140679,26142219	nan	SELENON	nan	nan	0,0,0,0,0,0,0,0,0,0,0,0,0
55624	POMGNT1;NM_001243766.1	1	-	46654380	46663503	46654380	46663503	22	46654380,46654903,46655145,46655515,46656134,46656381,46657759,46657969,46658179,46658561,46658835,46658966,46659225,46659516,46659935,46660214,46660505,46661472,46661673,46662392,46662631,46663363	46654662,46655039,46655249,46655671,46656199,46656466,46657905,46658118,46658272,46658640,46658897,46659070,46659321,46659607,46660083,46660333,46660643,46661606,46661759,46662531,46662766,46663503	nan	POMGNT1	nan	nan	0,0,0,0,0,0,0,0,0,0,0,0,0,0,0,0,0,0,0,0,0,0
7170	TPM3;NM_152263.3	1	-	154140402	154164504	154140402	154164504	10	154140402,154141770,154142865,154143114,154143878,154145373,154145549,154148580,154163651,154164367	154140426,154141869,154142955,154143197,154143974,154145464,154145687,154148734,154163797,154164504	nan	TPM3	nan	nan	0,0,0,0,0,0,0,0,0,0
54344	DPM3;NM_153741.1	1	-	155112427	155112726	155112427	155112726	1	155112427	155112726	nan	DPM3	nan	nan	0
55154	MSTO1;NM_018116.3	1	+	155580029	155584074	155580029	155584074	14	155580029,155580205,155580819,155580996,155581329,155581469,155581763,155581962,155582198,155582624,155582829,155583242,155583437,155583839	155580133,155580361,155580909,155581092,155581404,155581628,155581901,155582117,155582371,155582776,155583034,155583367,155583567,155584074	nan	MSTO1	nan	nan	0,0,0,0,0,0,0,0,0,0,0,0,0,0
779	CACNA1S;NM_000069.2	1	-	201008948	201081477	201008948	201081477	44	201008948,201009348,201009739,201010621,201012398,201013445,201016232,201016642,201017699,201018120,201019506,201020101,201021674,201022326,201022576,201023622,201027525,201028306,201029775,201030384,201031061,201031579,201034955,201035346,201036004,201038254,201038589,201039389,201041872,201042666,201043623,201044612,201046037,201046996,201052279,201054067,201054553,201056943,201058375,201060757,201061089,201062999,201079281,201081305	201009220,201009512,201009851,201010727,201012669,201013594,201016377,201016764,201017822,201018237,201019654,201020281,201021786,201022412,201022725,201023699,201027629,201028437,201029954,201030606,201031228,201031652,201035083,201035454,201036131,201038334,201038739,201039542,201041962,201042780,201043758,201044753,201046265,201047242,201052460,201054169,201054719,201057067,201058601,201060930,201061252,201063159,201079407,201081477	nan	CACNA1S	nan	nan	0,0,0,0,0,0,0,0,0,0,0,0,0,0,0,0,0,0,0,0,0,0,0,0,0,0,0,0,0,0,0,0,0,0,0,0,0,0,0,0,0,0,0,0
58	ACTA1;NM_001100.3	1	-	229567235	229568872	229567235	229568872	6	229567235,229567457,229567730,229568006,229568292,229568723	229567399,229567659,229567942,229568188,229568637,229568872	nan	ACTA1	nan	nan	0,0,0,0,0,0
148789	B3GALNT2;NM_152490.4	1	-	235613510	235667562	235613510	235667562	12	235613510,235616391,235617457,235618860,235621900,235628942,235634153,235643359,235647627,235652462,235657980,235667430	235613665,235616468,235617637,235619006,235622104,235629041,235634284,235643475,235647841,235652583,235658148,235667562	nan	B3GALNT2	nan	nan	0,0,0,0,0,0,0,0,0,0,0,0
274	BIN1;NM_139343.2	2	-	127806091	127864529	127806091	127864529	19	127806091,127807986,127808367,127808719,127809820,127810987,127811470,127815038,127816576,127819680,127821136,127821498,127825728,127826489,127827560,127828118,127828327,127834191,127864425	127806219,127808108,127808498,127808829,127809948,127811031,127811598,127815187,127816741,127819783,127821232,127821604,127825841,127826617,127827676,127828233,127828402,127834292,127864529	nan	BIN1	nan	nan	0,0,0,0,0,0,0,0,0,0,0,0,0,0,0,0,0,0,0
4703	NEB;NM_001271208.1	2	-	152342263	152589680	152342263	152589680	181	152342263,152346474,152346875,152348186,152348601,152348890,152349856,152350278,152350664,152352779,152353444,152354129,152354763,152355801,152357894,152359296,152359852,152361981,152362669,152363412,152364508,152369236,152370083,152370821,152371321,152372962,152374821,152375468,152376161,152380814,152381018,152381666,152382461,152382661,152383421,152383984,152385713,152387497,152388295,152389945,152390718,152392194,152393635,152394375,152394643,152396847,152397200,152397950,152402391,152402848,152403932,152404137,152404811,152406139,152408241,152409175,152409901,152410331,152411434,152417095,152417507,152417711,152418613,152419114,152420109,152420326,152421547,152422004,152422219,152423671,152424574,152424819,152425121,152425771,152426584,152427000,152432198,152432654,152435841,152437300,152437986,152438967,152439958,152442010,152442908,152443877,152446392,152447851,152448537,152449519,152450510,152452563,152453461,152454430,152456945,152458404,152459090,152460072,152461063,152463109,152464007,152464976,152466312,152467019,152467265,152468689,152470779,152472505,152473867,152474778,152475954,152477422,152482037,152483505,152484026,152486042,152487218,152487646,152490157,152492730,152495783,152496360,152496858,152499077,152499268,152499653,152500321,152500971,152502633,152506679,152507077,152510495,152511773,152512320,152512656,152514486,152515568,152518638,152520051,152521004,152521262,152521836,152522593,152524307,152525530,152527526,152528872,152530980,152531790,152534068,152534379,152536224,152536421,152537233,152539165,152541281,152543922,152544129,152544795,152547230,152548367,152548562,152548764,152550826,152551025,152552081,152553140,152553651,152553853,152554047,152563384,152566159,152566937,152573919,152579885,152580763,152581360,152581956,152584194,152586118,152589624	152342457,152346601,152347042,152348299,152348805,152349018,152349969,152350391,152350777,152352892,152353557,152354242,152354876,152355914,152358007,152359409,152359965,152362094,152362782,152363537,152364633,152369361,152370217,152370952,152371452,152373087,152374946,152375593,152376292,152380939,152381140,152381797,152382592,152382786,152383546,152384109,152385838,152387625,152388420,152390070,152390843,152392319,152393760,152394500,152394768,152396972,152397325,152398075,152402522,152402967,152404057,152404262,152404939,152406264,152408369,152409300,152410026,152410549,152411568,152417223,152417632,152417836,152418738,152419332,152420243,152420454,152421672,152422129,152422344,152424003,152424702,152424941,152425240,152425896,152426916,152427125,152432323,152432878,152436173,152437428,152438111,152439191,152440290,152442138,152443033,152444101,152446724,152447979,152448662,152449743,152450842,152452691,152453586,152454654,152457277,152458532,152459215,152460296,152461395,152463237,152464132,152465200,152466644,152467147,152467390,152468913,152471111,152472633,152473992,152475002,152476286,152477550,152482162,152483729,152484358,152486170,152487343,152487870,152490489,152492858,152495908,152496584,152497190,152499205,152499393,152499877,152500653,152501099,152502758,152506903,152507409,152510623,152511898,152512547,152512988,152514614,152515693,152518865,152520383,152521132,152521387,152522063,152522925,152524435,152525655,152527753,152529204,152531108,152531915,152534295,152534711,152536352,152536546,152537352,152539293,152541499,152544056,152544257,152544920,152547349,152548492,152548690,152548886,152550960,152551153,152552206,152553259,152553776,152553981,152554172,152563521,152566287,152567062,152574044,152580010,152580888,152581485,152582084,152584430,152586180,152589680	nan	NEB	nan	nan	0,0,0,0,0,0,0,0,0,0,0,0,0,0,0,0,0,0,0,0,0,0,0,0,0,0,0,0,0,0,0,0,0,0,0,0,0,0,0,0,0,0,0,0,0,0,0,0,0,0,0,0,0,0,0,0,0,0,0,0,0,0,0,0,0,0,0,0,0,0,0,0,0,0,0,0,0,0,0,0,0,0,0,0,0,0,0,0,0,0,0,0,0,0,0,0,0,0,0,0,0,0,0,0,0,0,0,0,0,0,0,0,0,0,0,0,0,0,0,0,0,0,0,0,0,0,0,0,0,0,0,0,0,0,0,0,0,0,0,0,0,0,0,0,0,0,0,0,0,0,0,0,0,0,0,0,0,0,0,0,0,0,0,0,0,0,0,0,0,0,0,0,0,0,0,0,0,0,0,0,0
10324	KLHL41;NM_006063.2	2	+	170366278	170382216	170366278	170382216	6	170366278,170371073,170371353,170374689,170377360,170382084	170367408,170371251,170371481,170374895,170377527,170382216	nan	KLHL41	nan	nan	0,0,0,0,0,0
7273	TTN;NM_001267550.2	2	-	179391728	179669379	179391728	179669379	362	179391728,179392162,179392990,179393244,179394676,179394957,179400698,179401654,179402058,179403256,179403662,179404098,179404784,179405998,179406980,179407378,179407785,179408550,179408917,179410104,179410536,179410928,179411316,179411719,179412123,179414286,179414702,179415683,179416346,179418218,179418630,179419169,179419581,179421564,179421969,179422364,179423057,179424027,179441245,179441639,179442318,179442704,179443327,179443522,179444277,179444655,179445038,179446215,179446622,179447012,179447656,179448323,179448992,179449385,179449788,179451221,179451834,179452232,179452615,179453254,179456315,179456694,179457095,179457491,179457889,179458284,179458677,179459060,179460223,179462254,179462624,179463222,179463464,179463862,179464270,179465570,179465981,179466374,179466598,179466718,179466998,179468592,179469424,179469703,179470130,179471737,179472117,179472501,179472894,179473322,179473924,179474400,179474806,179475709,179476088,179476474,179476773,179476993,179477489,179477877,179478467,179478768,179479182,179479563,179480023,179480357,179481195,179481445,179481836,179482041,179482495,179482905,179483300,179484337,179484704,179484933,179485431,179485818,179486191,179486556,179487386,179489181,179489989,179494017,179494957,179495520,179495750,179496863,179497242,179497634,179497903,179498129,179498533,179499082,179499439,179499881,179500156,179500679,179501114,179502085,179504415,179504764,179505257,179505957,179506953,179509264,179510636,179511201,179511780,179512097,179513964,179514270,179514533,179514880,179515467,179515959,179516169,179516382,179516600,179516812,179516980,179517174,179517369,179517564,179517757,179517954,179518143,179518337,179518533,179518728,179518924,179519161,179519461,179519628,179522214,179522403,179522597,179522793,179522988,179523184,179523421,179523721,179523888,179526475,179526664,179526858,179527054,179527249,179527445,179527682,179527982,179528149,179528343,179528535,179528731,179529176,179529370,179529568,179530093,179530424,179531540,179531952,179532158,179532354,179534089,179534308,179534934,179535806,179536687,179537123,179537351,179538349,179539030,179539755,179540387,179540637,179541917,179542337,179542841,179543130,179543463,179544055,179544315,179544610,179544970,179545795,179546092,179546377,179547413,179547927,179548715,179549046,179549382,179549622,179549969,179550234,179552827,179553393,179553769,179554006,179554231,179554529,179556732,179557213,179558325,179558638,179559315,179559545,179560064,179560581,179561837,179563559,179565836,179566244,179566756,179566884,179567170,179568863,179569226,179569593,179569890,179571170,179571578,179572242,179574282,179575351,179575778,179576660,179577031,179577413,179577801,179578613,179579008,179579702,179580209,179581811,179582239,179582659,179583038,179583411,179583880,179584270,179584699,179585101,179585637,179586563,179586975,179587375,179587762,179588134,179588572,179588976,179590084,179590484,179591806,179592301,179592826,179593216,179593607,179594004,179594380,179594809,179595221,179595641,179596021,179596409,179596782,179597156,179597550,179597955,179598330,179599044,179599423,179600227,179602798,179603857,179617840,179620938,179622258,179623700,179628893,179629243,179631097,179632475,179632730,179633389,179634395,179634776,179635128,179635927,179637825,179638178,179638554,179638923,179639637,179640072,179641865,179642136,179642420,179643590,179643945,179644716,179645837,179646928,179647255,179647522,179648436,179648786,179650336,179650564,179654076,179654694,179655424,179656788,179658120,179659115,179659638,179664203,179664541,179665111,179666854,179669268	179392044,179392485,179393164,179393956,179394853,179400586,179401312,179401980,179402654,179403576,179403988,179404703,179405107,179406321,179407300,179407686,179408399,179408852,179409243,179410430,179410853,179411239,179411642,179412042,179414210,179414606,179415010,179415997,179418133,179418544,179418953,179419489,179419889,179421881,179422292,179422972,179423374,179441153,179441568,179442247,179442635,179442922,179443452,179444130,179444585,179444966,179445346,179446541,179446945,179447329,179447964,179448643,179449315,179449705,179450084,179451544,179452154,179452537,179452956,179456241,179456629,179457014,179457397,179457820,179458212,179458604,179458979,179459383,179460546,179462556,179462795,179463391,179463799,179464182,179464587,179465908,179466301,179466524,179466651,179466887,179467327,179469042,179469635,179470032,179470450,179472051,179472422,179472818,179473214,179473645,179474307,179474723,179475126,179476008,179476414,179476691,179476899,179477313,179477809,179478013,179478674,179479085,179479490,179479705,179480221,179480525,179481367,179481750,179481971,179482249,179482818,179483228,179483590,179484624,179484849,179485362,179485730,179486105,179486478,179486745,179487504,179489468,179490133,179494180,179495104,179495680,179496037,179497150,179497529,179497781,179498063,179498413,179498820,179499366,179499586,179500041,179500452,179500978,179501536,179502156,179504525,179504847,179505367,179506052,179507054,179509353,179510767,179511296,179511881,179512201,179514068,179514368,179514631,179515008,179515571,179516057,179516273,179516486,179516704,179516916,179517084,179517278,179517473,179517668,179517861,179518058,179518244,179518438,179518634,179518832,179519028,179519271,179519565,179519732,179522318,179522504,179522698,179522894,179523092,179523288,179523531,179523825,179523992,179526579,179526765,179526959,179527155,179527353,179527549,179527792,179528086,179528253,179528447,179528639,179528835,179529274,179529474,179529663,179530197,179530528,179531638,179532056,179532262,179532458,179534184,179534412,179535032,179535907,179537004,179537218,179537440,179538447,179539146,179539850,179540491,179540732,179542024,179542654,179542945,179543234,179543567,179544153,179544419,179544792,179545068,179545908,179546187,179546475,179547640,179548028,179548819,179549150,179549486,179549726,179550067,179550335,179552961,179553515,179553873,179554110,179554332,179554633,179556836,179557317,179558426,179558745,179559413,179559643,179560147,179561006,179561905,179563651,179565940,179566324,179566803,179566982,179567400,179569144,179569514,179569703,179570094,179571476,179571691,179572550,179574593,179575659,179576086,179576959,179577330,179577712,179578109,179578912,179579310,179580001,179580511,179582119,179582547,179582958,179583337,179583710,179584188,179584569,179585001,179585400,179585939,179586871,179587283,179587674,179588061,179588433,179588880,179589275,179590386,179590783,179592108,179592600,179593134,179593515,179593906,179594303,179594682,179595108,179595529,179595940,179596320,179596708,179597084,179597455,179597858,179598254,179598629,179599343,179599725,179600811,179603097,179606658,179617917,179621534,179622653,179623909,179629039,179629548,179631349,179632661,179632892,179633670,179634676,179635057,179635412,179636208,179638106,179638462,179638847,179639210,179639939,179641786,179642054,179642321,179642712,179643855,179644199,179644942,179646000,179647164,179647339,179647801,179648522,179649088,179650479,179650878,179654234,179654852,179655582,179656934,179658278,179659288,179659989,179664468,179664647,179665419,179667078,179669379	nan	TTN	nan	nan	0,0,0,0,0,0,0,0,0,0,0,0,0,0,0,0,0,0,0,0,0,0,0,0,0,0,0,0,0,0,0,0,0,0,0,0,0,0,0,0,0,0,0,0,0,0,0,0,0,0,0,0,0,0,0,0,0,0,0,0,0,0,0,0,0,0,0,0,0,0,0,0,0,0,0,0,0,0,0,0,0,0,0,0,0,0,0,0,0,0,0,0,0,0,0,0,0,0,0,0,0,0,0,0,0,0,0,0,0,0,0,0,0,0,0,0,0,0,0,0,0,0,0,0,0,0,0,0,0,0,0,0,0,0,0,0,0,0,0,0,0,0,0,0,0,0,0,0,0,0,0,0,0,0,0,0,0,0,0,0,0,0,0,0,0,0,0,0,0,0,0,0,0,0,0,0,0,0,0,0,0,0,0,0,0,0,0,0,0,0,0,0,0,0,0,0,0,0,0,0,0,0,0,0,0,0,0,0,0,0,0,0,0,0,0,0,0,0,0,0,0,0,0,0,0,0,0,0,0,0,0,0,0,0,0,0,0,0,0,0,0,0,0,0,0,0,0,0,0,0,0,0,0,0,0,0,0,0,0,0,0,0,0,0,0,0,0,0,0,0,0,0,0,0,0,0,0,0,0,0,0,0,0,0,0,0,0,0,0,0,0,0,0,0,0,0,0,0,0,0,0,0,0,0,0,0,0,0,0,0,0,0,0,0,0,0,0,0,0,0,0,0,0,0,0,0,0,0,0,0,0,0,0,0,0,0,0,0,0,0,0,0,0,0,0,0,0,0,0,0,0,0,0,0,0,0,0,0,0,0,0,0
4632	MYL1;NM_079420.2	2	-	211155759	211179776	211155759	211179776	6	211155759,211158436,211158958,211163133,211167201,211179624	211155808,211158534,211159152,211163297,211167249,211179776	nan	MYL1	nan	nan	0,0,0,0,0,0
10290	SPEG;NM_005876.4	2	+	220299689	220357518	220299689	220357518	41	220299689,220309364,220309536,220312685,220315847,220316336,220326593,220327009,220329144,220331885,220333289,220333570,220333867,220336579,220336938,220337601,220338215,220338439,220341581,220341988,220342400,220342616,220343855,220344494,220344673,220345382,220346015,220346349,220347495,220347809,220350057,220352905,220353209,220353489,220353765,220354047,220355120,220355444,220356505,220356822,220357305	220300097,220309474,220309893,220314003,220316011,220316539,220326789,220327118,220329340,220332166,220333468,220333780,220334111,220336719,220337063,220337828,220338359,220338635,220341714,220342177,220342517,220342837,220343933,220344592,220344872,220345429,220346188,220346412,220347584,220349804,220350209,220353042,220353397,220353632,220353953,220354671,220355380,220355688,220356601,220356992,220357518	nan	SPEG	nan	nan	0,0,0,0,0,0,0,0,0,0,0,0,0,0,0,0,0,0,0,0,0,0,0,0,0,0,0,0,0,0,0,0,0,0,0,0,0,0,0,0,0
9427	ECEL1;NM_004826.3	2	-	233344852	233351373	233344852	233351373	17	233344852,233345098,233345417,233345790,233346205,233346481,233347117,233347249,233347550,233347804,233348115,233348700,233349171,233349500,233349680,233349898,233350567	233344972,233345195,233345533,233345876,233346350,233346569,233347189,233347328,233347674,233347899,233348234,233348943,233349316,233349613,233349811,233349987,233351373	nan	ECEL1	nan	nan	0,0,0,0,0,0,0,0,0,0,0,0,0,0,0,0,0
1293	COL6A3;NM_004369.3	2	-	238233406	238305470	238233406	238305470	43	238233406,238234192,238242082,238243258,238244767,238247647,238249084,238250697,238252982,238253573,238253690,238253813,238255135,238256439,238256981,238257245,238258779,238259762,238261154,238261973,238263531,238265970,238266449,238267153,238267667,238267838,238267994,238268720,238269753,238270371,238271885,238272982,238274330,238275319,238277195,238280364,238283044,238285404,238287268,238289547,238296214,238303219,238305359	238233467,238234377,238242201,238243542,238245185,238247770,238249803,238250814,238253496,238253605,238253747,238253866,238255218,238256522,238257037,238257316,238258862,238259845,238261237,238262056,238263587,238266044,238266535,238267236,238267741,238267903,238268041,238268812,238269827,238270484,238272051,238273081,238274688,238275939,238277830,238280990,238283673,238285997,238287888,238290152,238296837,238303857,238305470	nan	COL6A3	nan	nan	0,0,0,0,0,0,0,0,0,0,0,0,0,0,0,0,0,0,0,0,0,0,0,0,0,0,0,0,0,0,0,0,0,0,0,0,0,0,0,0,0,0,0
64419	MTMR14;NM_001077525.2	3	+	9691257	9743667	9691257	9743667	19	9691257,9695294,9703940,9710392,9711105,9712721,9714358,9718990,9719657,9724851,9726258,9726561,9726884,9729494,9730369,9730617,9731637,9739384,9743463	9691436,9695463,9704069,9710488,9711186,9712864,9714452,9719081,9719752,9724938,9726364,9726658,9726941,9729585,9730448,9730776,9731837,9739560,9743667	nan	MTMR14	nan	nan	0,0,0,0,0,0,0,0,0,0,0,0,0,0,0,0,0,0,0
131377	KLHL40;NM_152393.3	3	+	42727100	42733495	42727100	42733495	6	42727100,42729623,42730091,42730350,42732340,42733363	42728272,42729804,42730219,42730556,42732507,42733495	nan	KLHL40	nan	nan	0,0,0,0,0,0
84892	POMGNT2;NM_032806.5	3	-	43121170	43122933	43121170	43122933	1	43121170	43122933	nan	POMGNT2	nan	nan	0
1605	DAG1;NM_001165928.3	3	+	49547957	49570642	49547957	49570642	2	49547957,49568219	49548262,49570642	nan	DAG1	nan	nan	0,0
29925	GMPPB;NM_013334.3	3	-	49759174	49761169	49759174	49761169	8	49759174,49759653,49759854,49760018,49760394,49760676,49760814,49761020	49759590,49759801,49759953,49760197,49760557,49760745,49760915,49761169	nan	GMPPB	nan	nan	0,0,0,0,0,0,0,0
56203	LMOD3;NM_198271.4	3	-	69158235	69171547	69158235	69171547	3	69158235,69167839,69171233	69158282,69169221,69171547	nan	LMOD3	nan	nan	0,0,0
285489	DOK7;NM_173660.4	4	+	3465092	3495238	3465092	3495238	7	3465092,3465222,3475122,3478058,3487255,3491393,3494475	3465166,3465288,3475373,3478279,3487395,3491533,3495238	nan	DOK7	nan	nan	0,0,0,0,0,0,0
60684	TRAPPC11;NM_021942.5	4	+	184585010	184633807	184585010	184633807	29	184585010,184587399,184588202,184589145,184595855,184596306,184598600,184600495,184601262,184603874,184605117,184605287,184605447,184605838,184606226,184606413,184607760,184612458,184614102,184614731,184615059,184615746,184618645,184618821,184622839,184626121,184627949,184629549,184633742	184585234,184587589,184588293,184589280,184595975,184596400,184598717,184600649,184601430,184603988,184605217,184605386,184605522,184606004,184606308,184606566,184607911,184612634,184614310,184614900,184615201,184615886,184618731,184618998,184622971,184626233,184628103,184629737,184633807	nan	TRAPPC11	nan	nan	0,0,0,0,0,0,0,0,0,0,0,0,0,0,0,0,0,0,0,0,0,0,0,0,0,0,0,0,0
84466	MEGF10;NM_032446.2	5	+	126666990	126793020	126666990	126793020	24	126666990,126674801,126676211,126705591,126732213,126734357,126738227,126746070,126753319,126754801,126755725,126758351,126769044,126770368,126771042,126774120,126776420,126778679,126781138,126783238,126784780,126790247,126791082,126792809	126667126,126674923,126676332,126705704,126732480,126734498,126738384,126746303,126753514,126754942,126755909,126758474,126769211,126770523,126771191,126774269,126776569,126778828,126781395,126783386,126784924,126790312,126791309,126793020	nan	MEGF10	nan	nan	0,0,0,0,0,0,0,0,0,0,0,0,0,0,0,0,0,0,0,0,0,0,0,0
64374	SIL1;NM_001037633.1	5	-	138282795	138463542	138282795	138463542	9	138282795,138286849,138287466,138356849,138362479,138378298,138386616,138456713,138463417	138283172,138287034,138287583,138356991,138362691,138378418,138386745,138456872,138463542	nan	SIL1	nan	nan	0,0,0,0,0,0,0,0,0
1303	COL12A1;NM_004370.5	6	-	75796252	75912518	75796252	75912518	65	75796252,75797282,75798811,75799815,75801028,75801195,75804813,75806958,75811305,75811704,75812302,75813462,75814911,75816124,75818723,75822909,75823307,75825489,75825724,75827087,75828748,75829055,75831007,75833035,75833653,75833960,75834832,75836056,75838001,75839796,75840557,75841645,75842998,75843563,75844431,75847142,75848025,75848153,75848527,75851737,75852953,75855031,75855807,75857380,75858063,75860846,75861572,75861836,75862038,75864121,75865367,75865962,75875212,75884743,75887368,75890644,75892755,75893559,75898067,75898922,75899257,75901406,75901917,75904536,75912425	75796283,75797473,75798900,75800024,75801115,75801251,75804905,75807032,75811379,75811778,75812418,75813536,75815018,75816222,75818893,75823039,75823470,75825648,75825783,75827272,75828912,75829199,75831167,75833130,75833820,75834097,75834999,75836196,75838151,75839959,75840707,75841808,75843148,75843723,75844581,75847305,75848066,75848306,75848687,75851883,75853114,75855181,75855970,75857530,75858223,75861013,75861757,75861976,75862208,75864263,75865580,75866249,75875505,75885036,75887661,75890937,75893378,75893870,75898261,75899107,75899541,75901486,75902081,75904673,75912518	nan	COL12A1	nan	nan	0,0,0,0,0,0,0,0,0,0,0,0,0,0,0,0,0,0,0,0,0,0,0,0,0,0,0,0,0,0,0,0,0,0,0,0,0,0,0,0,0,0,0,0,0,0,0,0,0,0,0,0,0,0,0,0,0,0,0,0,0,0,0,0,0
3908	LAMA2;NM_000426.3	6	+	129204380	129837502	129204380	129837502	65	129204380,129371052,129380918,129419307,129465035,129468093,129470113,129475639,129486710,129498840,129511339,129513814,129571246,129573218,129581845,129588240,129591758,129601195,129608981,129612748,129618819,129621870,129633995,129635789,129636610,129636896,129637172,129641672,129649412,129663477,129670432,129674298,129687353,129691026,129704256,129712625,129714179,129722358,129723458,129724955,129748886,129759780,129761950,129763356,129766801,129774122,129775289,129777469,129781334,129785424,129786279,129794348,129796524,129799827,129802397,129807608,129813035,129813449,129823793,129824225,129826334,129828623,129833497,129835507,129837324	129204512,129371243,129381051,129419570,129465235,129468203,129470251,129475838,129486830,129499021,129511500,129514008,129571368,129573450,129581977,129588374,129591906,129601302,129609213,129612875,129619020,129622027,129634252,129635953,129636810,129637105,129637326,129641810,129649567,129663622,129670539,129674512,129687516,129691145,129704388,129712808,129714410,129722495,129723642,129725114,129749009,129759917,129762153,129763382,129766976,129774286,129775443,129777649,129781479,129785607,129786444,129794507,129796556,129799968,129802594,129807777,129813232,129813638,129823926,129824435,129826510,129828797,129833648,129835750,129837502	nan	LAMA2	nan	nan	0,0,0,0,0,0,0,0,0,0,0,0,0,0,0,0,0,0,0,0,0,0,0,0,0,0,0,0,0,0,0,0,0,0,0,0,0,0,0,0,0,0,0,0,0,0,0,0,0,0,0,0,0,0,0,0,0,0,0,0,0,0,0,0,0
729920	ISPD;NM_001101426.3	7	-	16131309	16460957	16131309	16460957	10	16131309,16255680,16298004,16298534,16317743,16341035,16348137,16415706,16445675,16460680	16131434,16255832,16298117,16298647,16317861,16341101,16348262,16415876,16445972,16460957	nan	ISPD	nan	nan	0,0,0,0,0,0,0,0,0,0
84197	POMK;NM_032237.4	8	+	42958681	42978030	42958681	42978030	2	42958681,42977239	42958983,42978030	nan	POMK	nan	nan	0,0
5339	PLEC;NM_000445.4	8	-	144990334	145049547	144990334	145049547	32	144990334,144996661,145000941,145001134,145001409,145001567,145002011,145003260,145003571,145003803,145004093,145004301,145004541,145005691,145006094,145006287,145006557,145006792,145006950,145007354,145008155,145008475,145008792,145008967,145009168,145009355,145010005,145011136,145011322,145012308,145012788,145049334	144996573,145000062,145001060,145001259,145001513,145001944,145002170,145003459,145003749,145004007,145004240,145004476,145004714,145005837,145006210,145006412,145006739,145006890,145007289,145007529,145008269,145008623,145008908,145009107,145009295,145009491,145010192,145011249,145011420,145012418,145012870,145049547	nan	PLEC	nan	nan	0,0,0,0,0,0,0,0,0,0,0,0,0,0,0,0,0,0,0,0,0,0,0,0,0,0,0,0,0,0,0,0
55958	KLHL9;NM_018847.3	9	-	21332994	21334868	21332994	21334868	1	21332994	21334868	nan	KLHL9	nan	nan	0
7169	TPM2;NM_003289.3	9	-	35683145	35689824	35683145	35689824	9	35683145,35684232,35684474,35684718,35685255,35685420,35685633,35689132,35689690	35683248,35684322,35684557,35684814,35685346,35685558,35685787,35689278,35689824	nan	TPM2	nan	nan	0,0,0,0,0,0,0,0,0
2218	FKTN;NM_001079802.1	9	+	108337303	108397555	108337303	108397555	9	108337303,108358868,108363415,108366485,108370089,108377548,108380229,108382204,108397321	108337428,108358948,108363639,108366783,108370242,108377698,108380383,108382352,108397555	nan	FKTN	nan	nan	0,0,0,0,0,0,0,0,0
8818	DPM2;NM_003863.3	9	-	130697990	130700109	130697990	130700109	4	130697990,130698821,130699702,130700086	130698069,130698944,130699812,130700109	nan	DPM2	nan	nan	0,0,0,0
2801	GOLGA2;NM_004486.4	9	-	131019335	131038265	131019335	131038265	26	131019335,131019637,131019869,131020058,131020248,131020723,131021275,131021435,131022344,131022733,131023440,131023722,131023936,131024831,131025302,131027853,131028056,131028238,131028555,131029462,131029726,131030202,131030385,131030688,131036118,131038161	131019570,131019814,131019996,131020181,131020487,131020859,131021371,131021680,131022478,131023091,131023548,131023850,131024046,131024993,131025381,131027980,131028170,131028309,131028614,131029563,131029806,131030286,131030449,131030813,131036261,131038265	nan	GOLGA2	nan	nan	0,0,0,0,0,0,0,0,0,0,0,0,0,0,0,0,0,0,0,0,0,0,0,0,0,0
22845	DOLK;NM_014908.3	9	-	131707955	131709592	131707955	131709592	1	131707955	131709592	nan	DOLK	nan	nan	0
10585	POMT1;NM_007171.3	9	+	134379595	134398503	134379595	134398503	19	134379595,134381490,134381779,134382744,134384287,134385119,134385279,134385636,134386713,134387417,134388615,134390802,134393821,134394213,134394765,134395456,134396722,134397423,134398308	134379737,134381617,134381850,134382911,134384419,134385205,134385459,134385812,134386864,134387533,134388728,134390919,134393934,134394354,134394883,134395590,134396869,134397621,134398503	nan	POMT1	nan	nan	0,0,0,0,0,0,0,0,0,0,0,0,0,0,0,0,0,0,0
9200	HACD1;NM_014241.3	10	-	17632352	17659348	17632352	17659348	7	17632352,17636193,17641278,17645548,17645714,17645918,17659071	17632455,17636392,17641420,17645657,17645753,17646056,17659348	nan	HACD1	nan	nan	0,0,0,0,0,0,0
10367	MICU1;NM_006077.3	10	-	74127942	74326561	74127942	74326561	11	74127942,74135530,74167676,74182981,74234847,74236921,74267902,74293493,74310926,74322642,74326380	74128123,74135640,74167805,74183139,74235065,74237024,74268043,74293557,74311109,74322831,74326561	nan	MICU1	nan	nan	0,0,0,0,0,0,0,0,0,0,0
7136	TNNI2;NM_003282.3	11	+	1860916	1862791	1860916	1862791	6	1860916,1861620,1861747,1862038,1862250,1862675	1860949,1861684,1861896,1862148,1862447,1862791	nan	TNNI2	nan	nan	0,0,0,0,0,0
7140	TNNT3;NM_006757.3	11	+	1944094	1959732	1944094	1959732	15	1944094,1944267,1944774,1946318,1947914,1950339,1951029,1953688,1954940,1955150,1955551,1955765,1956048,1958182,1959657	1944131,1944301,1944812,1946356,1947949,1950383,1951068,1953754,1955077,1955248,1955685,1955895,1956159,1958243,1959732	nan	TNNT3	nan	nan	0,0,0,0,0,0,0,0,0,0,0,0,0,0,0
6786	STIM1;NM_003156.3	11	+	3877490	4113038	3877490	4113038	12	3877490,3988771,4045092,4076745,4080500,4091245,4095721,4103403,4104101,4104482,4107696,4112501	3877649,3988922,4045227,4076877,4080636,4091443,4095919,4103591,4104222,4104738,4107783,4113038	nan	STIM1	nan	nan	0,0,0,0,0,0,0,0,0,0,0,0
4607	MYBPC3;NM_000256.3	11	-	47353411	47374208	47353411	47374208	33	47353411,47353612,47354106,47354354,47354734,47355097,47355462,47356582,47357417,47358931,47359230,47360060,47360864,47361191,47362543,47362678,47363531,47364118,47364370,47364561,47365032,47367747,47368167,47368962,47368965,47369191,47369397,47369964,47371314,47371554,47372042,47372779,47374163	47353442,47353819,47354263,47354534,47354894,47355313,47355571,47356770,47357572,47359140,47359355,47360240,47360965,47361351,47362593,47362805,47363717,47364305,47364496,47364709,47365185,47367931,47368205,47368984,47369040,47369241,47369466,47370102,47371483,47371673,47372176,47373066,47374208	nan	MYBPC3	nan	nan	0,0,0,0,0,0,0,0,0,0,0,0,0,0,0,0,0,0,0,0,0,0,0,0,0,0,0,0,0,0,0,0,0
11041	B4GAT1;NM_006876.2	11	-	66113509	66115026	66113509	66115026	2	66113509,66113950	66113721,66115026	nan	B4GAT1	nan	nan	0,0
170689	ADAMTS15;NM_139055.3	11	+	130318858	130343726	130318858	130343726	8	130318858,130331373,130331971,130332381,130339146,130340804,130341092,130342931	130319835,130331526,130332159,130332685,130339344,130341006,130341288,130343726	nan	ADAMTS15	nan	nan	0,0,0,0,0,0,0,0
1272	CNTN1;NM_001843.3	12	+	41302224	41463847	41302224	41463847	23	41302224,41303864,41312430,41316047,41318348,41323587,41327252,41327488,41330572,41331361,41333126,41337388,41337786,41352905,41374700,41386911,41408019,41410473,41414128,41418941,41421648,41422854,41463750	41302305,41303917,41312583,41316240,41318464,41323814,41327372,41327690,41330717,41331499,41333297,41337536,41337982,41353046,41374879,41387081,41408110,41410728,41414252,41419148,41421781,41423031,41463847	nan	CNTN1	nan	nan	0,0,0,0,0,0,0,0,0,0,0,0,0,0,0,0,0,0,0,0,0,0,0
3679	ITGA7;NM_002206.2	12	-	56078831	56101476	56078831	56101476	25	56078831,56081744,56081975,56082617,56086617,56086914,56087794,56088029,56088216,56088388,56088551,56089295,56090056,56090672,56090989,56091224,56091468,56091711,56092156,56092483,56093643,56094672,56096645,56096824,56101250	56079082,56081890,56082094,56082751,56086769,56087111,56087917,56088124,56088316,56088489,56088764,56089431,56090226,56090862,56091071,56091340,56091616,56091820,56092370,56092711,56093783,56094948,56096745,56096972,56101476	nan	ITGA7	nan	nan	0,0,0,0,0,0,0,0,0,0,0,0,0,0,0,0,0,0,0,0,0,0,0,0,0
246329	STAC3;NM_145064.2	12	-	57637584	57643429	57637584	57643429	11	57637584,57637860,57638087,57638309,57638688,57638917,57640576,57641898,57642478,57642813,57643343	57637703,57638018,57638159,57638415,57638758,57639004,57640694,57641991,57642596,57643101,57643429	nan	STAC3	nan	nan	0,0,0,0,0,0,0,0,0,0,0
10329	RXYLT1;NM_014254.2	12	+	64173730	64202882	64173730	64202882	6	64173730,64174788,64178739,64195860,64199003,64202444	64173919,64174964,64178862,64196195,64199194,64202882	nan	RXYLT1	nan	nan	0,0,0,0,0,0
4604	MYBPC1;NM_002465.3	12	+	101988838	102078193	101988838	102078193	31	101988838,102008263,102010969,102020639,102021536,102023201,102025338,102025788,102028321,102030439,102036186,102038431,102040530,102041812,102043027,102044998,102046445,102046882,102053439,102054925,102056125,102057193,102061499,102064088,102067194,102069059,102071002,102071869,102074110,102076371,102078149	101988883,102008319,102011031,102020698,102021592,102023332,102025507,102025926,102028393,102030516,102036373,102038584,102040675,102041938,102043214,102045181,102046572,102047036,102053619,102055050,102056334,102057348,102061687,102064197,102067410,102069219,102071182,102072026,102074317,102076450,102078193	nan	MYBPC1	nan	nan	0,0,0,0,0,0,0,0,0,0,0,0,0,0,0,0,0,0,0,0,0,0,0,0,0,0,0,0,0,0,0
84876	ORAI1;NM_032790.3	12	+	122064637	122079559	122064637	122079559	2	122064637,122078936	122064966,122079559	nan	ORAI1	nan	nan	0,0
1282	COL4A1;NM_001845.5	13	-	110802699	110959384	110802699	110959384	52	110802699,110804670,110807619,110813528,110814566,110815799,110817198,110818568,110819494,110821965,110822883,110825056,110826236,110826782,110826959,110827554,110828760,110828962,110829221,110830178,110830400,110831259,110831607,110833628,110835329,110835520,110838721,110839474,110844550,110845166,110847359,110850803,110853190,110853774,110855902,110857689,110857830,110859001,110859201,110859739,110861185,110861728,110862316,110862465,110863983,110864205,110864753,110864910,110866118,110866262,110895011,110959280	110802801,110804863,110807754,110813726,110814799,110815918,110817347,110818660,110819587,110822119,110823089,110825127,110826355,110826883,110827106,110827714,110828870,110829081,110829394,110830288,110830588,110831393,110831778,110833746,110835454,110835633,110838910,110839686,110844641,110845270,110847475,110850988,110853246,110853879,110855964,110857763,110857895,110859072,110859248,110859846,110861247,110861784,110862399,110862569,110864030,110864279,110864836,110864975,110866183,110866372,110895091,110959384	nan	COL4A1	nan	nan	0,0,0,0,0,0,0,0,0,0,0,0,0,0,0,0,0,0,0,0,0,0,0,0,0,0,0,0,0,0,0,0,0,0,0,0,0,0,0,0,0,0,0,0,0,0,0,0,0,0,0,0
1284	COL4A2;NM_001846.3	13	+	110960240	111164548	110960240	111164548	47	110960240,110960405,111009808,111077070,111077289,111080803,111082221,111082737,111082881,111084661,111086737,111088605,111090338,111090954,111092125,111098165,111099134,111102015,111102641,111109679,111111107,111114450,111114614,111117741,111118339,111119376,111121553,111125265,111130339,111132556,111134852,111137241,111137991,111141781,111142047,111143569,111144406,111145547,111147678,111154004,111155457,111155719,111156183,111156484,111158751,111160271,111164270	110960304,110960480,111009909,111077225,111077354,111080940,111082313,111082793,111082964,111084717,111086799,111088724,111090394,111091025,111092190,111098239,111099221,111102146,111102811,111109792,111111291,111114543,111114741,111117963,111118419,111119453,111121681,111125507,111130521,111132747,111135016,111137384,111138193,111141865,111142142,111143697,111144534,111145639,111147824,111154141,111155639,111155838,111156350,111156621,111158963,111160578,111164548	nan	COL4A2	nan	nan	0,0,0,0,0,0,0,0,0,0,0,0,0,0,0,0,0,0,0,0,0,0,0,0,0,0,0,0,0,0,0,0,0,0,0,0,0,0,0,0,0,0,0,0,0,0,0
4625	MYH7;NM_000257.3	14	-	23882052	23902951	23882052	23902951	38	23882052,23882957,23883205,23884193,23884579,23884827,23885202,23886066,23886351,23886701,23887408,23888375,23888681,23889043,23890156,23891378,23892745,23893105,23893967,23894480,23894893,23895162,23895975,23896438,23896783,23897698,23898153,23898427,23898973,23899758,23900099,23900616,23900783,23900959,23901677,23901837,23902282,23902730	23882090,23883112,23883321,23884489,23884725,23885051,23885531,23886211,23886537,23886905,23887625,23888514,23888828,23889453,23890267,23891544,23892942,23893368,23894243,23894637,23895037,23895300,23896083,23896526,23897113,23897889,23898323,23898566,23899132,23899882,23900218,23900700,23900896,23901088,23901725,23902014,23902446,23902951	nan	MYH7	nan	nan	0,0,0,0,0,0,0,0,0,0,0,0,0,0,0,0,0,0,0,0,0,0,0,0,0,0,0,0,0,0,0,0,0,0,0,0,0,0
1073	CFL2;NM_138638.4	14	-	35182060	35183756	35182060	35183756	4	35182060,35182255,35182449,35183733	35182193,35182352,35182777,35183756	nan	CFL2	nan	nan	0,0,0,0
29954	POMT2;NM_013382.5	14	-	77743708	77787034	77743708	77787034	21	77743708,77744726,77745061,77746155,77746353,77746724,77750129,77751282,77751813,77753076,77755094,77757646,77762496,77765021,77765787,77767422,77769167,77771024,77772669,77778281,77786766	77743834,77744861,77745222,77746281,77746433,77746816,77750226,77751394,77751985,77753175,77755184,77757733,77762626,77765124,77765914,77767602,77769296,77771153,77772794,77778386,77787034	nan	POMT2	nan	nan	0,0,0,0,0,0,0,0,0,0,0,0,0,0,0,0,0,0,0,0,0
390594	KBTBD13;NM_001101362.2	15	+	65369143	65370540	65369143	65370540	1	65369143	65370540	nan	KBTBD13	nan	nan	0
26276	VPS33B;NM_018668.4	15	-	91542194	91565489	91542194	91565489	23	91542194,91542896,91543119,91543709,91544608,91545269,91546304,91548096,91548274,91548599,91548913,91549192,91549591,91549871,91550169,91550688,91551089,91553020,91557023,91557603,91560182,91561024,91565373	91542294,91543033,91543215,91543831,91544702,91545422,91546371,91548171,91548359,91548694,91549024,91549299,91549685,91549969,91550286,91550813,91551204,91553086,91557111,91557673,91560264,91561125,91565489	nan	VPS33B	nan	nan	0,0,0,0,0,0,0,0,0,0,0,0,0,0,0,0,0,0,0,0,0,0,0
124093	CCDC78;NM_001031737.2	16	-	772759	776377	772759	776377	14	772759,772911,773084,773846,774095,774311,774670,774900,775067,775226,775402,775783,775955,776297	772799,773028,773171,773946,774215,774519,774816,774999,775155,775303,775590,775890,776095,776377	nan	CCDC78	nan	nan	0,0,0,0,0,0,0,0,0,0,0,0,0,0
51763	INPP5K;NM_016532.3	17	-	1399106	1419803	1399106	1419803	12	1399106,1399343,1399602,1399949,1401219,1410263,1411398,1412461,1412966,1416736,1417155,1419739	1399183,1399468,1399706,1400107,1401426,1410393,1411530,1412657,1413103,1416865,1417283,1419803	nan	INPP5K	nan	nan	0,0,0,0,0,0,0,0,0,0,0,0
4927	NUP88;NM_002532.5	17	-	5289515	5322980	5289515	5322980	17	5289515,5290017,5290293,5290695,5290914,5291088,5292111,5294870,5298200,5302861,5307408,5308366,5312042,5314012,5317318,5319822,5322663	5289599,5290156,5290440,5290796,5291000,5291234,5292290,5294992,5298311,5302980,5307576,5308573,5312239,5314119,5317464,5320012,5322980	nan	NUP88	nan	nan	0,0,0,0,0,0,0,0,0,0,0,0,0,0,0,0,0
4626	MYH8;NM_002472.2	17	-	10293760	10323554	10293760	10323554	38	10293760,10295188,10295848,10296137,10296391,10297555,10298439,10299636,10299859,10300109,10301750,10302074,10302849,10303696,10304175,10304352,10304581,10304849,10307636,10309347,10309580,10309996,10310198,10312403,10312585,10314083,10315676,10315916,10317208,10317498,10317692,10318422,10318598,10318778,10318987,10321951,10322193,10323324	10293930,10295304,10295973,10296328,10296537,10297779,10298768,10299781,10300045,10300313,10301967,10302213,10302996,10304106,10304286,10304518,10304778,10305112,10307912,10309504,10309724,10310134,10310306,10312491,10312915,10314274,10315846,10316055,10317367,10317622,10317811,10318506,10318711,10318907,10319035,10322128,10322357,10323554	nan	MYH8	nan	nan	0,0,0,0,0,0,0,0,0,0,0,0,0,0,0,0,0,0,0,0,0,0,0,0,0,0,0,0,0,0,0,0,0,0,0,0,0,0
4620	MYH2;NM_017534.5	17	-	10424586	10451247	10424586	10451247	38	10424586,10426396,10426614,10426802,10427065,10427772,10428063,10428530,10428757,10428999,10429905,10430244,10431054,10431996,10432468,10432642,10432870,10433138,10434939,10436591,10436815,10438379,10438584,10439836,10440539,10440971,10442511,10442750,10443234,10443900,10446181,10446404,10447017,10447208,10447406,10448652,10450781,10451023	10424759,10426512,10426739,10426993,10427211,10427996,10428392,10428675,10428943,10429203,10430122,10430383,10431201,10432406,10432579,10432808,10433067,10433401,10435215,10436748,10436959,10438517,10438692,10439933,10440869,10441162,10442681,10442889,10443393,10444024,10446300,10446488,10447130,10447343,10447454,10448829,10450945,10451247	nan	MYH2	nan	nan	0,0,0,0,0,0,0,0,0,0,0,0,0,0,0,0,0,0,0,0,0,0,0,0,0,0,0,0,0,0,0,0,0,0,0,0,0,0
4621	MYH3;NM_002470.3	17	-	10531959	10558391	10531959	10558391	39	10531959,10532903,10533148,10533398,10533594,10534917,10535119,10535782,10536897,10537323,10538146,10538673,10539041,10541115,10541349,10542179,10542350,10542604,10542866,10543302,10543639,10543869,10544391,10544591,10545546,10545723,10546132,10547657,10547890,10549013,10549235,10550488,10550669,10551863,10552883,10553680,10554818,10555726,10558167	10532006,10533061,10533264,10533523,10533785,10535063,10535343,10536111,10537042,10537509,10538350,10538890,10539180,10541262,10541759,10542290,10542516,10542801,10543129,10543578,10543796,10544013,10544529,10544699,10545637,10546050,10546323,10547827,10548029,10549172,10549359,10550607,10550753,10551976,10553012,10553728,10554995,10555890,10558391	nan	MYH3	nan	nan	0,0,0,0,0,0,0,0,0,0,0,0,0,0,0,0,0,0,0,0,0,0,0,0,0,0,0,0,0,0,0,0,0,0,0,0,0,0,0
6329	SCN4A;NM_000334.4	17	-	62018120	62050211	62018120	62050211	24	62018120,62020175,62021095,62022022,62022356,62022709,62024394,62025239,62025960,62026742,62028773,62034511,62036614,62038542,62041021,62041817,62043451,62043830,62045372,62048511,62049071,62049485,62049701,62049918	62019363,62020466,62021220,62022180,62022430,62023008,62024537,62025433,62026135,62026898,62029270,62034888,62036808,62038801,62041195,62042047,62043613,62043914,62045725,62048623,62049220,62049595,62049840,62050211	nan	SCN4A	nan	nan	0,0,0,0,0,0,0,0,0,0,0,0,0,0,0,0,0,0,0,0,0,0,0,0
63895	PIEZO2;NM_022068.3	18	-	10671513	11148597	10671513	11148597	52	10671513,10672676,10675195,10677733,10680185,10681647,10682090,10689642,10691212,10696061,10696379,10697735,10698912,10701976,10704381,10705323,10714751,10715637,10718187,10731394,10736591,10741018,10742481,10744129,10748458,10750078,10752623,10757956,10759469,10759692,10760898,10762487,10762909,10770135,10773399,10784771,10787023,10789066,10791188,10794759,10797361,10800324,10801377,10803862,10807099,10855340,10856988,10871240,10911173,10979522,11066115,11148513	10671786,10672880,10675295,10677882,10680378,10681760,10682299,10689810,10691391,10696296,10696547,10697888,10699185,10702179,10704660,10705754,10714938,10715824,10718267,10731529,10736718,10741110,10742623,10744239,10748638,10750195,10752887,10758142,10759591,10759917,10761119,10762633,10763106,10770316,10773637,10784965,10787192,10789373,10791332,10795010,10797530,10800483,10801436,10804002,10807282,10855574,10857219,10871423,10911236,10979668,11066231,11148597	nan	PIEZO2	nan	nan	0,0,0,0,0,0,0,0,0,0,0,0,0,0,0,0,0,0,0,0,0,0,0,0,0,0,0,0,0,0,0,0,0,0,0,0,0,0,0,0,0,0,0,0,0,0,0,0,0,0,0,0
57724	EPG5;NM_020964.2	18	-	43432421	43547215	43432421	43547215	44	43432421,43435527,43437807,43438520,43440058,43445569,43446752,43447517,43450521,43456190,43458330,43458967,43460029,43462228,43464571,43467705,43469752,43479358,43480950,43483927,43487912,43490475,43492244,43493660,43495465,43495963,43496392,43497633,43502296,43503223,43505693,43508824,43510631,43514764,43519555,43523116,43523960,43526618,43528458,43529439,43531057,43532355,43534349,43547132	43432624,43435662,43438043,43438757,43440321,43445734,43446982,43447723,43450717,43456317,43458423,43459189,43460198,43462462,43464786,43467882,43469915,43479541,43481142,43484092,43488056,43490717,43492431,43493803,43495596,43496181,43496557,43497794,43502576,43503363,43505878,43508985,43510806,43514942,43519731,43523287,43524095,43526744,43528552,43529567,43531214,43532619,43535314,43547215	nan	EPG5	nan	nan	0,0,0,0,0,0,0,0,0,0,0,0,0,0,0,0,0,0,0,0,0,0,0,0,0,0,0,0,0,0,0,0,0,0,0,0,0,0,0,0,0,0,0,0
1785	DNM2;NM_001005360.2	19	+	10828908	10941733	10828908	10941733	21	10828908,10870403,10883144,10886368,10887783,10893625,10897229,10904385,10906037,10906726,10909151,10912953,10916581,10919234,10922929,10930645,10934453,10935722,10939701,10940792,10941643	10829089,10870497,10883314,10886592,10887902,10893806,10897392,10904541,10906125,10906885,10909258,10913044,10916653,10919266,10923063,10930775,10934585,10935907,10939954,10941064,10941733	nan	DNM2	nan	nan	0,0,0,0,0,0,0,0,0,0,0,0,0,0,0,0,0,0,0,0,0
79041	TMEM38A;NM_024074.2	19	+	16772018	16799192	16772018	16799192	6	16772018,16790784,16791197,16793221,16797088,16798944	16772162,16790961,16791402,16793329,16797226,16799192	nan	TMEM38A	nan	nan	0,0,0,0,0,0
6261	RYR1;NM_000540.2	19	+	38924459	39078070	38924459	39078070	106	38924459,38931374,38932978,38934187,38934347,38934778,38935213,38937101,38937323,38938984,38939278,38942393,38943448,38945864,38946080,38946262,38948126,38948680,38949775,38951004,38954052,38954376,38955268,38956720,38958239,38959595,38959934,38964006,38965947,38968339,38969064,38973656,38973919,38976219,38979806,38980705,38981250,38983119,38984981,38986844,38987038,38987489,38989737,38990264,38990537,38991235,38991450,38993136,38993509,38994849,38995377,38995632,38995938,38996435,38996932,38997100,38997458,38998341,39001127,39001289,39002190,39002701,39002874,39005655,39006716,39007988,39009843,39013657,39013846,39014544,39015961,39017622,39018276,39018935,39019228,39019580,39023119,39023300,39025349,39025770,39025945,39026626,39027379,39028509,39033976,39034161,39034400,39037074,39038862,39051742,39055588,39057540,39058402,39061236,39062648,39063806,39066548,39068547,39068773,39070611,39070999,39075572,39076567,39076720,39077154,39077954	38924524,38931514,38933103,38934282,38934446,38934911,38935327,38937215,38937418,38939161,38939463,38942535,38943664,38946020,38946196,38946401,38948280,38948942,38949988,38951241,38954177,38954500,38955372,38957048,38958462,38959790,38960163,38964421,38966100,38968520,38969250,38973763,38974166,38976852,38980093,38980926,38981382,38983286,38985275,38986979,38987191,38987604,38989893,38990471,38990666,38991376,38991640,38993377,38993620,38995010,38995561,38995731,38996048,38996596,38997027,38997196,38997602,38998477,39001215,39001431,39002260,39002782,39003133,39005757,39006867,39008341,39010104,39013765,39013959,39014579,39016152,39017702,39018434,39019068,39019345,39019707,39023191,39023386,39025469,39025870,39026042,39026720,39027417,39028610,39034085,39034310,39034525,39037176,39039070,39052104,39056421,39057637,39058567,39061343,39062920,39063957,39066611,39068698,39068854,39070778,39071154,39075749,39076652,39076841,39077226,39078070	nan	RYR1	nan	nan	0,0,0,0,0,0,0,0,0,0,0,0,0,0,0,0,0,0,0,0,0,0,0,0,0,0,0,0,0,0,0,0,0,0,0,0,0,0,0,0,0,0,0,0,0,0,0,0,0,0,0,0,0,0,0,0,0,0,0,0,0,0,0,0,0,0,0,0,0,0,0,0,0,0,0,0,0,0,0,0,0,0,0,0,0,0,0,0,0,0,0,0,0,0,0,0,0,0,0,0,0,0,0,0,0,0
79147	FKRP;NM_024301.4	19	+	47258697	47260205	47258697	47260205	1	47258697	47260205	nan	FKRP	nan	nan	0
7138	TNNT1;NM_003283.5	19	-	55644272	55658535	55644272	55658535	13	55644272,55645244,55645423,55648460,55649318,55652240,55652543,55653214,55656901,55657791,55658038,55658365,55658483	55644338,55645305,55645582,55648590,55649452,55652338,55652680,55653298,55656943,55657844,55658085,55658399,55658535	nan	TNNT1	nan	nan	0,0,0,0,0,0,0,0,0,0,0,0,0
8813	DPM1;NM_003859.2	20	-	49551658	49575070	49551658	49575070	9	49551658,49552674,49557391,49558557,49562263,49562373,49565155,49571712,49574889	49551783,49552809,49557480,49558673,49562309,49562470,49565209,49571832,49575070	nan	DPM1	nan	nan	0,0,0,0,0,0,0,0,0
1291	COL6A1;NM_001848.2	21	+	47401754	47423937	47401754	47423937	36	47401754,47402537,47404172,47406429,47406847,47407058,47407402,47407513,47408987,47409511,47409655,47409880,47410161,47410281,47410676,47410882,47411913,47412067,47412266,47412651,47414070,47417324,47417603,47418024,47418301,47418800,47419056,47419560,47420234,47420662,47421156,47421864,47422121,47422430,47423023,47423294	47401871,47402687,47404393,47406609,47406996,47407099,47407443,47407578,47409061,47409576,47409702,47409881,47410208,47410346,47410750,47410965,47411996,47412141,47412322,47412734,47414153,47417407,47417686,47418095,47418357,47418883,47419142,47419616,47420291,47420691,47421310,47421994,47422325,47422634,47423073,47423937	nan	COL6A1	nan	nan	0,0,0,0,0,0,0,0,0,0,0,0,0,0,0,0,0,0,0,0,0,0,0,0,0,0,0,0,0,0,0,0,0,0,0,0
1292	COL6A2;NM_001849.3	21	+	47531380	47552476	47531380	47552476	27	47531380,47531882,47532707,47533911,47535775,47535912,47536280,47536554,47536673,47537303,47537777,47538517,47538933,47539691,47540418,47540964,47541459,47542011,47542399,47542778,47544554,47544788,47545169,47545368,47545688,47546406,47551857	47531515,47532501,47532748,47533997,47535849,47535977,47536327,47536601,47536738,47537377,47537860,47538600,47539043,47539774,47540501,47541047,47541542,47542082,47542455,47542861,47544637,47544844,47545235,47545541,47546161,47546465,47552476	nan	COL6A2	nan	nan	0,0,0,0,0,0,0,0,0,0,0,0,0,0,0,0,0,0,0,0,0,0,0,0,0,0,0
84700	MYO18B;NM_032608.6	22	+	26157049	26423654	26157049	26423654	42	26157049,26159187,26164071,26166066,26166828,26168290,26173539,26176012,26177690,26181384,26193909,26219461,26222365,26224732,26228873,26231252,26239691,26242056,26243386,26247426,26264276,26270242,26272145,26273915,26286712,26287260,26291112,26294263,26298569,26299587,26304278,26306902,26317213,26342092,26343667,26346322,26348241,26351134,26388318,26399220,26400673,26422400	26157108,26159366,26165405,26166153,26166961,26168487,26173758,26176175,26177811,26181468,26194074,26219655,26222476,26224945,26228974,26231420,26239871,26242260,26243629,26247556,26264362,26270391,26272309,26274025,26286852,26287389,26291257,26294438,26298713,26299808,26304409,26307027,26317386,26342226,26343804,26346426,26348399,26351340,26388469,26399285,26400831,26423654	nan	MYO18B	nan	nan	0,0,0,0,0,0,0,0,0,0,0,0,0,0,0,0,0,0,0,0,0,0,0,0,0,0,0,0,0,0,0,0,0,0,0,0,0,0,0,0,0,0
9215	LARGE1;NM_004737.5	22	-	33670402	34157473	33670402	34157473	14	33670402,33673035,33679177,33700204,33712060,33733621,33777894,33780167,33828136,33960823,34000410,34022217,34046342,34157347	33670620,33673251,33679344,33700503,33712244,33733797,33778040,33780300,33828261,33961015,34000554,34022320,34046664,34157473	nan	LARGE1	nan	nan	0,0,0,0,0,0,0,0,0,0,0,0,0,0
1120	CHKB;NM_005198.4	22	-	51017599	51021220	51017599	51021220	11	51017599,51017844,51018145,51018392,51018608,51018776,51018983,51019838,51020167,51020667,51020976	51017694,51017946,51018269,51018521,51018710,51018855,51019099,51019992,51020301,51020796,51021220	nan	CHKB	nan	nan	0,0,0,0,0,0,0,0,0,0,0
55906	ZC4H2;NM_018684.3	X	-	64137652	64196267	64137652	64196267	5	64137652,64138911,64139950,64141686,64196194	64137786,64139094,64140143,64141878,64196267	nan	ZC4H2	nan	nan	0,0,0,0,0
3920	LAMP2;NM_002294.2	X	-	119565167	119603034	119565167	119603034	9	119565167,119575574,119576443,119580149,119581685,119582814,119589201,119590495,119602950	119565327,119575759,119576527,119580292,119581890,119582993,119589435,119590634,119603034	nan	LAMP2	nan	nan	0,0,0,0,0,0,0,0,0
4534	MTM1;NM_000252.2	X	+	149761066	149840078	149761066	149840078	14	149761066,149764951,149767045,149783051,149787500,149807405,149809731,149814145,149818178,149826283,149828126,149828833,149831895,149839890	149761149,149765044,149767160,149783182,149787622,149807509,149809901,149814354,149818384,149826510,149828239,149828967,149832092,149840078	nan	MTM1	nan	nan	0,0,0,0,0,0,0,0,0,0,0,0,0,0
203547	VMA21;NM_001017980.3	X	+	150565770	150573540	150565770	150573540	3	150565770,150572092,150573377	150565843,150572222,150573540	nan	VMA21	nan	nan	0,0,0
26576	SRPK3;NM_014370.3	X	+	153046531	153050985	153046531	153050985	15	153046531,153046660,153046949,153047187,153047565,153048216,153048397,153048670,153049196,153049418,153049738,153050194,153050378,153050525,153050780	153046610,153046811,153047078,153047295,153047673,153048343,153048583,153048716,153049349,153049678,153049859,153050322,153050468,153050638,153050985	nan	SRPK3	nan	nan	0,0,0,0,0,0,0,0,0,0,0,0,0,0,0
