#bin	name	chrom	strand	txStart	txEnd	cdsStart	cdsEnd	exonCount	exonStarts	exonSEnds	score	name2	cdsStartStat	cdsEndStat	exonFrames
4595	MUTYH;NM_001128425.2	1	-	45794967	45806122	45794967	45806122	16	45794967,45796177,45796843,45797081,45797322,45797684,45797827,45798052,45798235,45798424,45798579,45798758,45798946,45799074,45800052,45805880	45795119,45796239,45797016,45797238,45797531,45797768,45797992,45798170,45798369,45798516,45798641,45798852,45799006,45799285,45800193,45806122	nan	MUTYH	nan	nan	0,0,0,0,0,0,0,0,0,0,0,0,0,0,0,0
4072	EPCAM;NM_002354.3	2	+	47596439	47613762	47596439	47613762	9	47596439,47600591,47600936,47602362,47604142,47606081,47606897,47612294,47613700	47596730,47600719,47601197,47602448,47604226,47606203,47607118,47612359,47613762	nan	EPCAM	nan	nan	0,0,0,0,0,0,0,0,0
4436	MSH2;NM_000251.3	2	+	47630284	47710098	47630284	47710098	16	47630284,47635529,47637222,47639542,47641397,47643424,47656870,47672676,47690159,47693786,47698093,47702153,47703495,47705400,47707824,47709907	47630551,47635704,47637521,47639709,47641567,47643578,47657090,47672806,47690303,47693957,47698211,47702419,47703720,47705668,47708020,47710098	nan	MSH2	nan	nan	0,0,0,0,0,0,0,0,0,0,0,0,0,0,0,0
2956	MSH6;NM_000179.3	2	+	48010273	48034009	48010273	48034009	10	48010273,48018055,48023022,48025739,48030548,48032038,48032746,48033332,48033580,48033907	48010642,48018272,48023212,48028304,48030834,48032176,48032856,48033507,48033800,48034009	nan	MSH6	nan	nan	0,0,0,0,0,0,0,0,0,0
4292	MLH1;NM_000249.4	3	+	37034998	37092154	37034998	37092154	19	37034998,37038099,37042435,37045881,37048471,37050294,37053300,37053491,37055912,37058986,37061790,37067117,37070264,37081666,37083748,37088999,37089997,37090384,37091966	37035164,37038210,37042554,37045975,37048564,37050406,37053363,37053600,37056045,37059100,37061964,37067508,37070433,37081795,37083832,37089184,37090110,37090518,37092154	nan	MLH1	nan	nan	0,0,0,0,0,0,0,0,0,0,0,0,0,0,0,0,0,0,0
4437	MSH3;NM_002439.5	5	+	79950460	80171691	79950460	80171691	24	79950460,79952219,79960951,79965905,79968052,79968549,79970791,79974735,80021261,80024659,80037272,80040314,80057354,80063741,80064643,80071502,80074528,80083373,80088541,80109392,80149938,80160621,80168924,80171559	79950793,79952360,79961192,79966138,79968189,79968687,79970957,79974922,80021394,80024794,80037377,80040444,80057507,80063949,80064832,80071587,80074665,80083501,80088673,80109570,80150145,80160771,80169116,80171691	nan	MSH3	nan	nan	0,0,0,0,0,0,0,0,0,0,0,0,0,0,0,0,0,0,0,0,0,0,0,0
324	APC;NM_000038.6	5	+	112073571	112179833	112073571	112179833	16	112073571,112090559,112102012,112102875,112111315,112116476,112128132,112136965,112151181,112154652,112157582,112162794,112163615,112164542,112170637,112173239	112073632,112090732,112102117,112103097,112111444,112116610,112128236,112137090,112151300,112155051,112157698,112162954,112163713,112164679,112170872,112179833	nan	APC	nan	nan	0,0,0,0,0,0,0,0,0,0,0,0,0,0,0,0
5395	PMS2;NM_000535.7	7	-	6013019	6048690	6013019	6048690	15	6013019,6017208,6018216,6022444,6026379,6029420,6031593,6035154,6036946,6038728,6042073,6043310,6043592,6045512,6048617	6013183,6017398,6018337,6022632,6027261,6029596,6031698,6035274,6037064,6038916,6042277,6043433,6043699,6045672,6048690	nan	PMS2	nan	nan	0,0,0,0,0,0,0,0,0,0,0,0,0,0,0
4683	NBN;NM_002485.5	8	-	90947799	90996905	90947799	90996905	16	90947799,90949243,90955470,90958357,90960041,90965461,90967500,90970942,90976627,90982581,90983390,90990437,90992951,90993592,90994939,90996742	90947850,90949313,90955604,90958533,90960130,90965929,90967793,90971092,90976745,90982795,90983528,90990561,90993131,90993761,90995093,90996905	nan	NBN	nan	nan	0,0,0,0,0,0,0,0,0,0,0,0,0,0,0,0
657	BMPR1A;NM_004329.3	10	+	88516365	88683486	88516365	88683486	13	88516365,88598611,88635613,88649808,88651873,88659540,88659773,88671986,88676880,88678918,88681266,88683122,88683340	88516686,88598746,88635852,88649991,88651996,88659657,88659893,88672151,88677093,88679236,88681462,88683273,88683486	nan	BMPR1A	nan	nan	0,0,0,0,0,0,0,0,0,0,0,0,0
5728	PTEN;NM_000314.8	10	+	89623371	89725239	89623371	89725239	9	89623371,89653771,89685259,89690792,89692759,89711864,89717599,89720640,89725033	89624315,89653876,89685324,89690856,89693018,89712026,89717786,89720885,89725239	nan	PTEN	nan	nan	0,0,0,0,0,0,0,0,0
472	ATM;NM_000051.3	11	+	108093548	108236245	108093548	108236245	63	108093548,108098311,108098492,108099894,108106386,108114669,108115504,108117680,108119649,108121417,108122553,108123533,108124530,108126931,108128197,108129702,108137887,108139126,108141780,108141967,108143248,108143438,108150207,108151711,108153426,108154943,108158316,108159693,108160318,108163335,108164029,108165643,108168003,108170430,108172364,108173569,108175391,108178613,108180876,108183127,108186539,108186727,108188089,108190670,108192017,108196026,108196774,108198361,108199737,108200930,108202160,108202595,108203478,108204602,108205685,108206561,108213938,108216459,108217995,108224482,108225527,108235798,108236041	108093923,108098433,108098625,108100060,108106571,108114855,108115763,108117864,108119839,108121809,108122768,108123649,108124776,108127077,108128343,108129812,108138079,108139346,108141883,108142143,108143344,108143589,108150345,108151905,108153616,108155210,108158452,108159840,108160538,108163530,108164214,108165796,108168119,108170622,108172526,108173766,108175589,108178721,108181052,108183235,108186648,108186850,108188258,108190795,108192157,108196281,108196962,108198495,108199975,108201158,108202294,108202774,108203637,108204705,108205846,108206698,108214108,108216645,108218102,108224617,108225611,108235955,108236245	nan	ATM	nan	nan	0,0,0,0,0,0,0,0,0,0,0,0,0,0,0,0,0,0,0,0,0,0,0,0,0,0,0,0,0,0,0,0,0,0,0,0,0,0,0,0,0,0,0,0,0,0,0,0,0,0,0,0,0,0,0,0,0,0,0,0,0,0,0
5426	POLE;NM_006231.4	12	-	133201272	133263938	133201272	133263938	49	133201272,133201480,133202220,133202692,133208890,133209239,133210761,133212467,133214589,133215700,133218222,133218752,133219081,133219395,133219799,133219982,133220412,133225504,133225881,133226252,133233711,133233924,133234443,133235870,133237544,133238102,133240579,133240945,133241877,133244078,133244931,133245210,133245386,133248790,133249202,133249739,133250150,133251973,133252310,133252669,133253121,133253938,133254153,133256072,133256529,133256753,133257182,133257713,133263829	133201406,133201590,133202366,133202913,133209104,133209391,133210974,133212620,133214735,133215894,133218447,133218993,133219325,133219592,133219926,133220156,133220573,133225668,133226111,133226485,133233854,133234025,133234566,133236105,133237760,133238280,133240744,133241058,133242046,133244244,133245098,133245333,133245535,133248918,133249435,133249873,133250303,133252113,133252416,133252800,133253249,133254039,133254315,133256247,133256642,133256818,133257283,133257875,133263938	nan	POLE	nan	nan	0,0,0,0,0,0,0,0,0,0,0,0,0,0,0,0,0,0,0,0,0,0,0,0,0,0,0,0,0,0,0,0,0,0,0,0,0,0,0,0,0,0,0,0,0,0,0,0,0
675	BRCA2;NM_000059.3	13	+	32889606	32972917	32889606	32972917	27	32889606,32890548,32893203,32899202,32900227,32900368,32900625,32903569,32905045,32906398,32910391,32918684,32920953,32928987,32930554,32931868,32936649,32937305,32944528,32945082,32950796,32953443,32953876,32954133,32968815,32971024,32972288	32889814,32890674,32893472,32899331,32900297,32900429,32900760,32903639,32905177,32907534,32915343,32918800,32921043,32929435,32930756,32932076,32936840,32937680,32944704,32945247,32950938,32953662,32954060,32954292,32969080,32971191,32972917	nan	BRCA2	nan	nan	0,0,0,0,0,0,0,0,0,0,0,0,0,0,0,0,0,0,0,0,0,0,0,0,0,0,0
26585	GREM1;NM_013372.7	15	+	33010194	33023456	33010194	33023456	2	33010194,33022881	33010372,33023456	nan	GREM1	nan	nan	0,0
4913	NTHL1;NM_002528.7	16	-	2089914	2097845	2089914	2097845	6	2089914,2090123,2093557,2094620,2096118,2097699	2090058,2090249,2093737,2094811,2096377,2097845	nan	NTHL1	nan	nan	0,0,0,0,0,0
79728	PALB2;NM_024675.4	16	-	23614769	23652641	23614769	23652641	13	23614769,23619174,23625314,23632672,23634279,23635319,23637546,23640514,23640950,23646172,23649160,23649380,23652420	23615000,23619343,23625422,23632809,23634461,23635425,23637728,23640606,23641800,23647665,23649283,23649460,23652641	nan	PALB2	nan	nan	0,0,0,0,0,0,0,0,0,0,0,0,0
999	CDH1;NM_004360.5	16	+	68771184	68867412	68771184	68867412	16	68771184,68772189,68835562,68842316,68842585,68844089,68845576,68846027,68847205,68849407,68853172,68855893,68857291,68862066,68863546,68867182	68771376,68772324,68835806,68842480,68842761,68844254,68845772,68846176,68847408,68849672,68853338,68856138,68857539,68862217,68863710,68867412	nan	CDH1	nan	nan	0,0,0,0,0,0,0,0,0,0,0,0,0,0,0,0
7157	TP53;NM_000546.5	17	-	7572916	7590878	7572916	7590878	11	7572916,7573916,7576842,7577008,7577488,7578166,7578360,7579301,7579689,7579828,7590684	7573018,7574043,7576936,7577165,7577618,7578299,7578564,7579600,7579731,7579950,7590878	nan	TP53	nan	nan	0,0,0,0,0,0,0,0,0,0,0
5892	RAD51D;NM_002878.3	17	-	33427961	33446898	33427961	33446898	10	33427961,33428209,33430262,33430462,33433394,33433996,33434374,33445509,33446119,33446540	33428065,33428394,33430353,33430573,33433510,33434151,33434476,33445648,33446201,33446898	nan	RAD51D	nan	nan	0,0,0,0,0,0,0,0,0,0
672	BRCA1;NM_007294.4	17	-	41197684	41277391	41197684	41277391	23	41197684,41199649,41201127,41203069,41209058,41215339,41215880,41219614,41222934,41226337,41228494,41234410,41242950,41243441,41247852,41249250,41251781,41256128,41256874,41258462,41267732,41276023,41277277	41197829,41199730,41201221,41203144,41209162,41215400,41215978,41219722,41223265,41226548,41228641,41234602,41243059,41246887,41247949,41249316,41251907,41256288,41256983,41258560,41267806,41276142,41277391	nan	BRCA1	nan	nan	0,0,0,0,0,0,0,0,0,0,0,0,0,0,0,0,0,0,0,0,0,0,0
54894	RNF43;NM_017763.5	17	-	56432293	56494953	56432293	56494953	10	56432293,56434818,56437499,56438133,56439894,56440625,56440876,56448261,56492676,56494367	56432357,56436194,56437622,56438315,56440019,56440777,56440971,56448404,56493333,56494953	nan	RNF43	nan	nan	0,0,0,0,0,0,0,0,0,0
5889	RAD51C;NM_058216.3	17	+	56769952	56811593	56769952	56811593	9	56769952,56772281,56774043,56780546,56787209,56798096,56801390,56809834,56811468	56770159,56772560,56774230,56780700,56787361,56798183,56801471,56809915,56811593	nan	RAD51C	nan	nan	0,0,0,0,0,0,0,0,0
83990	BRIP1;NM_032043.3	17	-	59760646	59940899	59760646	59940899	20	59760646,59763186,59770780,59793301,59820363,59821782,59853751,59857611,59858190,59861620,59870947,59876450,59878603,59885817,59924451,59926479,59934408,59937146,59938797,59940634	59761511,59763536,59770883,59793434,59820505,59821962,59853933,59857772,59858376,59861795,59871100,59876670,59878845,59886128,59924591,59926627,59934602,59937278,59938940,59940899	nan	BRIP1	nan	nan	0,0,0,0,0,0,0,0,0,0,0,0,0,0,0,0,0,0,0,0
4089	SMAD4;NM_005359.6	18	+	48556572	48604847	48556572	48604847	12	48556572,48573279,48575045,48575654,48581140,48584484,48584699,48586225,48591782,48593378,48602997,48604615	48557003,48573675,48575240,48575704,48581373,48584624,48584836,48586296,48591986,48593567,48603156,48604847	nan	SMAD4	nan	nan	0,0,0,0,0,0,0,0,0,0,0,0
6794	STK11;NM_000455.5	19	+	1205766	1226656	1205766	1226656	9	1205766,1218405,1219312,1220361,1220569,1221201,1221937,1222973,1226442	1207212,1218509,1219422,1220514,1220726,1221349,1222015,1223181,1226656	nan	STK11	nan	nan	0,0,0,0,0,0,0,0,0
6597	SMARCA4;NM_001128849.3	19	+	11071695	11172502	11071695	11172502	36	11071695,11094786,11095938,11096854,11097570,11098331,11099982,11101815,11105493,11106878,11107159,11113694,11114005,11118567,11121046,11123614,11129622,11130256,11132390,11134183,11134996,11136087,11136965,11138449,11141395,11143955,11144432,11144788,11145579,11150123,11151972,11168920,11169453,11170418,11170710,11172449	11071860,11095059,11096091,11097279,11097689,11098610,11100129,11102009,11105687,11107066,11107230,11113845,11114083,11118709,11121217,11123798,11129709,11130387,11132653,11134317,11135124,11136194,11137032,11138636,11141579,11144203,11144551,11144886,11145818,11150239,11152246,11169049,11169575,11170571,11170873,11172502	nan	SMARCA4	nan	nan	0,0,0,0,0,0,0,0,0,0,0,0,0,0,0,0,0,0,0,0,0,0,0,0,0,0,0,0,0,0,0,0,0,0,0,0
5424	POLD1;NM_001256849.1	19	+	50887569	50921214	50887569	50921214	27	50887569,50902094,50902617,50905024,50905245,50905451,50905700,50905858,50906299,50906739,50909428,50909653,50910229,50910573,50912031,50912368,50912765,50916672,50916988,50918061,50918684,50918970,50919642,50919856,50920291,50920418,50921088	50887657,50902320,50902751,50905191,50905391,50905640,50905802,50906008,50906486,50906864,50909589,50909784,50910441,50910682,50912168,50912502,50912933,50916788,50917146,50918257,50918857,50919093,50919795,50919990,50920364,50920536,50921214	nan	POLD1	nan	nan	0,0,0,0,0,0,0,0,0,0,0,0,0,0,0,0,0,0,0,0,0,0,0,0,0,0,0
11200	CHEK2;NM_007194.4	22	-	29083874	29137818	29083874	29137818	15	29083874,29085112,29090009,29091104,29091687,29092878,29095815,29099482,29105983,29107886,29115372,29120954,29121220,29130380,29137746	29083984,29085213,29090115,29091240,29091871,29092985,29095935,29099564,29106057,29108015,29115483,29121122,29121365,29130725,29137818	nan	CHEK2	nan	nan	0,0,0,0,0,0,0,0,0,0,0,0,0,0,0
