#bin	name	chrom	strand	txStart	txEnd	cdsStart	cdsEnd	exonCount	exonStarts	exonSEnds	score	name2	cdsStartStat	cdsEndStat	exonFrames
5192	PEX10;NM_153818.2	1	-	2337174	2343971	2337174	2343971	6	2337174,2337892,2338128,2339860,2341779,2343799	2337303,2338088,2338424,2340327,2341920,2343971	nan	PEX10	nan	nan	0,0,0,0,0,0
5195	PEX14;NM_004565.3	1	+	10534993	10690074	10534993	10690074	9	10534993,10555300,10596239,10659264,10678358,10683045,10684366,10687298,10689557	10535089,10555408,10596384,10659453,10678504,10683208,10684524,10687450,10690074	nan	PEX14	nan	nan	0,0,0,0,0,0,0,0,0
4524	MTHFR;NM_005957.5	1	-	11850706	11863203	11850706	11863203	11	11850706,11851233,11852304,11853933,11854384,11854755,11855124,11856232,11860238,11861187,11862907	11850985,11851413,11852466,11854176,11854625,11854950,11855435,11856486,11860409,11861486,11863203	nan	MTHFR	nan	nan	0,0,0,0,0,0,0,0,0,0,0
3155	HMGCL;NM_000191.3	1	-	24128922	24151935	24128922	24151935	9	24128922,24130859,24134594,24137195,24140649,24143134,24143935,24146969,24151815	24129084,24131045,24134843,24137319,24140858,24143290,24144103,24147113,24151935	nan	HMGCL	nan	nan	0,0,0,0,0,0,0,0,0
8891	EIF2B3;NM_020365.5	1	-	45316592	45446870	45316592	45446870	11	45316592,45323345,45340319,45341259,45345459,45347253,45362996,45392269,45407147,45443956,45446662	45316705,45323509,45340528,45341397,45345710,45347441,45363146,45392441,45407367,45444162,45446870	nan	EIF2B3	nan	nan	0,0,0,0,0,0,0,0,0,0,0
8799	PEX11B;NM_003846.3	1	+	145516370	145522949	145516370	145522949	4	145516370,145517242,145518040,145522483	145516486,145517418,145518302,145522949	nan	PEX11B	nan	nan	0,0,0,0
103	ADAR;NM_001111.5	1	-	154557251	154580512	154557251	154580512	15	154557251,154557662,154558198,154558626,154560570,154560996,154561814,154562202,154562629,154569250,154569568,154570273,154570847,154573486,154580437	154557549,154557850,154558371,154558869,154560764,154561179,154561968,154562434,154562915,154569501,154569773,154570482,154571091,154575132,154580512	nan	ADAR	nan	nan	0,0,0,0,0,0,0,0,0,0,0,0,0,0,0
5824	PEX19;NM_002857.4	1	-	160249310	160254944	160249310	160254944	8	160249310,160249560,160249829,160251798,160252176,160252703,160253289,160254814	160249454,160249665,160250066,160252020,160252322,160252929,160253459,160254944	nan	PEX19	nan	nan	0,0,0,0,0,0,0,0
55157	DARS2;NM_018122.5	1	+	173794337	173826873	173794337	173826873	17	173794337,173795794,173797440,173799767,173800642,173802483,173803580,173806047,173807297,173808474,173809973,173814336,173819434,173822456,173822902,173825773,173826625	173794524,173795954,173797567,173799929,173800798,173802667,173803687,173806214,173807427,173808714,173810141,173814459,173819647,173822735,173823073,173825909,173826873	nan	DARS2	nan	nan	0,0,0,0,0,0,0,0,0,0,0,0,0,0,0,0,0
57165	GJC2;NM_020435.4	1	+	228345429	228346809	228345429	228346809	1	228345429	228346809	nan	GJC2	nan	nan	0
8890	EIF2B4;NM_001034116.2	2	-	27587236	27593211	27587236	27593211	13	27587236,27587554,27589595,27589910,27590293,27590582,27590861,27591208,27591490,27591842,27592250,27592712,27593120	27587496,27587795,27589833,27590098,27590456,27590719,27591036,27591360,27591630,27592109,27592446,27592816,27593211	nan	EIF2B4	nan	nan	0,0,0,0,0,0,0,0,0,0,0,0,0
5194	PEX13;NM_002618.4	2	+	61244864	61275935	61244864	61275935	4	61244864,61258523,61272830,61275576	61245016,61259278,61273016,61275935	nan	PEX13	nan	nan	0,0,0,0
1593	CYP27A1;NM_000784.4	2	+	219646875	219679783	219646875	219679783	9	219646875,219674269,219676914,219677244,219677616,219678713,219679072,219679237,219679603	219647190,219674520,219677174,219677502,219677849,219678940,219679211,219679510,219679783	nan	CYP27A1	nan	nan	0,0,0,0,0,0,0,0,0
2720	GLB1;NM_000404.4	3	-	33038506	33138607	33038506	33138607	16	33038506,33055517,33058170,33059909,33063027,33065712,33087581,33093219,33093344,33094952,33099550,33106924,33109691,33110281,33114005,33138472	33038866,33055832,33058362,33060083,33063177,33065847,33087754,33093320,33093526,33095071,33099791,33107079,33109812,33110492,33114235,33138607	nan	GLB1	nan	nan	0,0,0,0,0,0,0,0,0,0,0,0,0,0,0,0
11277	TREX1;NM_033629.6	3	+	48508024	48509029	48508024	48509029	1	48508024	48509029	nan	TREX1	nan	nan	0
2632	GBE1;NM_000158.4	3	-	81539527	81810698	81539527	81810698	16	81539527,81548230,81584313,81586031,81627045,81630285,81635212,81640157,81643028,81691901,81695512,81697976,81698916,81719958,81754564,81810495	81539644,81548406,81584506,81586276,81627277,81630456,81635371,81640345,81643204,81692171,81695663,81698172,81699102,81720134,81754794,81810698	nan	GBE1	nan	nan	0,0,0,0,0,0,0,0,0,0,0,0,0,0,0,0
8893	EIF2B5;NM_003907.3	3	+	183853143	183862761	183853143	183862761	16	183853143,183854369,183855377,183855655,183855923,183857837,183858175,183859682,183859994,183860259,183860536,183860809,183861199,183861856,183862354,183862641	183853398,183854554,183855623,183855893,183856064,183857975,183858548,183859888,183860196,183860421,183860704,183860960,183861383,183862042,183862525,183862761	nan	EIF2B5	nan	nan	0,0,0,0,0,0,0,0,0,0,0,0,0,0,0,0
1181	CLCN2;NM_004366.6	3	-	184064363	184079297	184064363	184079297	24	184064363,184064692,184069770,184070050,184070200,184070494,184070790,184071007,184071419,184071858,184072305,184072661,184073131,184073451,184074750,184074939,184075119,184075377,184075536,184075719,184075939,184076439,184076732,184079174	184064618,184064839,184069935,184070149,184070314,184070628,184070965,184071240,184071613,184072132,184072476,184072791,184073347,184073596,184074912,184075084,184075305,184075516,184075674,184075913,184076128,184076631,184076949,184079297	nan	CLCN2	nan	nan	0,0,0,0,0,0,0,0,0,0,0,0,0,0,0,0,0,0,0,0,0,0,0,0
4001	LMNB1;NM_005573.4	5	+	126113170	126171986	126113170	126171986	11	126113170,126140437,126141232,126145841,126147434,126154583,126156571,126158442,126161649,126168355,126171884	126113589,126140654,126141418,126146072,126147620,126154864,126156857,126158607,126161829,126168523,126171986	nan	LMNB1	nan	nan	0,0,0,0,0,0,0,0,0,0,0
1436	CSF1R;NM_005211.3	5	-	149433601	149466020	149433601	149466020	21	149433601,149433854,149434769,149435558,149435751,149436819,149437036,149439232,149440394,149441023,149441255,149447747,149449405,149449714,149449988,149452833,149456808,149457644,149459584,149460299,149465911	149433817,149434023,149434929,149435730,149435934,149436977,149437185,149439455,149440565,149441188,149441442,149447923,149449656,149449895,149450164,149453086,149457028,149457841,149459929,149460617,149466020	nan	CSF1R	nan	nan	0,0,0,0,0,0,0,0,0,0,0,0,0,0,0,0,0,0,0,0,0
54209	TREM2;NM_018965.4	6	-	41126471	41130850	41126471	41130850	5	41126471,41126580,41127499,41128970,41130750	41126548,41126834,41127650,41129381,41130850	nan	TREM2	nan	nan	0,0,0,0,0
5190	PEX6;NM_000287.4	6	-	42932042	42946918	42932042	42946918	17	42932042,42932497,42932782,42932959,42933388,42933751,42933949,42934232,42934489,42935075,42935997,42936581,42937375,42937592,42941710,42942582,42945976	42932239,42932697,42932920,42933136,42933557,42933873,42934215,42934425,42934626,42935331,42936266,42936753,42937569,42937755,42941854,42942806,42946918	nan	PEX6	nan	nan	0,0,0,0,0,0,0,0,0,0,0,0,0,0,0,0,0
9533	POLR1C;NM_203290.4	6	+	43484817	43489068	43484817	43489068	9	43484817,43485013,43487040,43487413,43487773,43487982,43488332,43488639,43488889	43484946,43485145,43487208,43487606,43487953,43488195,43488542,43488816,43489068	nan	POLR1C	nan	nan	0,0,0,0,0,0,0,0,0
57505	AARS2;NM_020745.4	6	-	44268253	44281090	44268253	44281090	22	44268253,44268862,44269087,44269766,44270097,44270508,44270772,44270992,44271887,44272126,44272351,44272760,44273359,44273986,44274200,44274629,44274955,44278005,44278700,44279096,44279778,44280787	44268478,44269033,44269231,44269937,44270280,44270677,44270942,44271190,44272088,44272300,44272584,44272965,44273553,44274158,44274299,44274798,44275161,44278210,44278928,44279302,44280030,44281090	nan	AARS2	nan	nan	0,0,0,0,0,0,0,0,0,0,0,0,0,0,0,0,0,0,0,0,0,0
2697	GJA1;NM_000165.5	6	+	121767963	121769172	121767963	121769172	1	121767963	121769172	nan	GJA1	nan	nan	0
5191	PEX7;NM_000288.4	6	+	137143773	137234694	137143773	137234694	10	137143773,137146321,137147426,137166722,137167180,137187734,137190997,137193305,137219249,137234565	137143963,137146439,137147637,137166860,137167349,137187901,137191171,137193421,137219409,137234694	nan	PEX7	nan	nan	0,0,0,0,0,0,0,0,0,0
8504	PEX3;NM_003630.3	6	+	143772149	143810393	143772149	143810393	12	143772149,143780191,143784022,143789228,143792067,143792489,143792663,143793266,143795892,143800182,143806258,143810249	143772282,143780383,143784164,143789332,143792252,143792616,143792778,143793495,143796023,143800365,143806415,143810393	nan	PEX3	nan	nan	0,0,0,0,0,0,0,0,0,0,0,0
8635	RNASET2;NM_003730.6	6	-	167343045	167369700	167343045	167369700	9	167343045,167344501,167347548,167352352,167356476,167360139,167362027,167365945,167369554	167343309,167344636,167347654,167352526,167356607,167360257,167362143,167366066,167369700	nan	RNASET2	nan	nan	0,0,0,0,0,0,0,0,0
54476	RNF216;NM_207111.4	7	-	5662460	5800730	5662460	5800730	16	5662460,5663656,5680754,5692013,5751361,5752315,5754653,5756316,5760633,5764924,5769032,5770315,5778876,5780573,5792446,5800603	5662840,5663786,5681037,5692171,5751500,5752524,5754851,5756427,5760833,5765099,5769257,5770478,5779013,5781476,5792640,5800730	nan	RNF216	nan	nan	0,0,0,0,0,0,0,0,0,0,0,0,0,0,0,0
5189	PEX1;NM_000466.3	7	-	92116740	92157779	92116740	92157779	24	92116740,92118576,92118997,92120555,92122236,92123576,92123770,92125996,92128987,92130790,92131173,92132324,92134015,92135531,92136277,92138612,92140227,92140863,92143131,92146559,92147424,92148278,92151385,92157590	92116885,92118767,92119255,92120846,92122473,92123740,92123973,92126121,92129182,92131017,92131423,92132539,92134246,92135688,92136470,92138755,92140391,92141047,92143311,92147386,92147599,92148422,92151589,92157779	nan	PEX1	nan	nan	0,0,0,0,0,0,0,0,0,0,0,0,0,0,0,0,0,0,0,0,0,0,0,0
5828	PEX2;NM_000318.3	8	-	77895466	77896444	77895466	77896444	1	77895466	77896444	nan	PEX2	nan	nan	0
5660	PSAP;NM_002778.4	10	-	73577167	73611008	73577167	73611008	14	73577167,73578343,73578757,73579191,73579440,73579966,73581602,73585563,73587740,73588603,73590852,73591572,73594098,73610908	73577263,73578511,73578898,73579409,73579687,73580122,73581794,73585680,73587944,73588864,73591038,73591707,73594292,73611008	nan	PSAP	nan	nan	0,0,0,0,0,0,0,0,0,0,0,0,0,0
11128	POLR3A;NM_007055.4	10	-	79737205	79789195	79737205	79789195	31	79737205,79739868,79741155,79741881,79742380,79743647,79743932,79744897,79745630,79745800,79750781,79752924,79759708,79760703,79761924,79764443,79767429,79769264,79769591,79770198,79773377,79777302,79778889,79781273,79781587,79781872,79784276,79784698,79785349,79785821,79789091	79737414,79740061,79741347,79742106,79742605,79743800,79744086,79745128,79745773,79745947,79750955,79753155,79759906,79760882,79762096,79764676,79767654,79769463,79769779,79770328,79773578,79777504,79779053,79781470,79781810,79782172,79784491,79784930,79785547,79786017,79789195	nan	POLR3A	nan	nan	0,0,0,0,0,0,0,0,0,0,0,0,0,0,0,0,0,0,0,0,0,0,0,0,0,0,0,0,0,0,0
5728	PTEN;NM_000314.8	10	+	89624196	89725259	89624196	89725259	9	89624196,89653751,89685239,89690772,89692739,89711844,89717579,89720620,89725013	89624335,89653896,89685344,89690876,89693038,89712046,89717806,89720905,89725259	nan	PTEN	nan	nan	0,0,0,0,0,0,0,0,0
5654	HTRA1;NM_002775.5	10	+	124221138	124273905	124221138	124273905	9	124221138,124248387,124248907,124266176,124266855,124268141,124269581,124271455,124273676	124221670,124248547,124249172,124266431,124266948,124268316,124269699,124271611,124273905	nan	HTRA1	nan	nan	0,0,0,0,0,0,0,0,0
9409	PEX16;NM_057174.3	11	-	45931609	45939392	45931609	45939392	11	45931609,45932418,45935339,45935651,45935836,45936124,45936988,45937223,45937747,45938978,45939220	45931758,45932543,45935519,45935784,45936049,45936265,45937149,45937417,45937884,45939074,45939392	nan	PEX16	nan	nan	0,0,0,0,0,0,0,0,0,0,0
84153	RNASEH2C;NM_032193.4	11	-	65487223	65488259	65487223	65488259	4	65487223,65487485,65487682,65488027	65487310,65487665,65487918,65488259	nan	RNASEH2C	nan	nan	0,0,0,0
220296	HEPACAM;NM_152722.5	11	-	124791003	124805932	124791003	124805932	7	124791003,124792253,124792610,124793205,124793594,124794593,124805787	124791366,124792384,124792744,124793359,124793936,124794995,124805932	nan	HEPACAM	nan	nan	0,0,0,0,0,0,0
5830	PEX5;NM_000319.5	12	+	7342943	7362849	7342943	7362849	15	7342943,7343453,7343791,7344134,7351576,7354316,7354806,7355177,7356021,7360224,7360575,7361022,7361570,7362248,7362587	7343150,7343549,7343984,7344326,7351739,7354467,7354977,7355330,7356177,7360428,7360706,7361295,7361796,7362466,7362849	nan	PEX5	nan	nan	0,0,0,0,0,0,0,0,0,0,0,0,0,0,0
5053	PAH;NM_000277.3	12	-	103232922	103310938	103232922	103310938	13	103232922,103234147,103237393,103238083,103240642,103245434,103246562,103248883,103260343,103271209,103288482,103306538,103310818	103233026,103234323,103237587,103238239,103240759,103245564,103246758,103249140,103260471,103271358,103288726,103306706,103310938	nan	PAH	nan	nan	0,0,0,0,0,0,0,0,0,0,0,0,0
55703	POLR3B;NM_018082.6	12	+	106751627	106903357	106751627	106903357	28	106751627,106757617,106760263,106760405,106763022,106763330,106770106,106772014,106773778,106786778,106799604,106804573,106820944,106824020,106826065,106827466,106830804,106831428,106838210,106848249,106850885,106852998,106857225,106889802,106890499,106895070,106897828,106903167	106751759,106757710,106760380,106760530,106763158,106763491,106770258,106772192,106773947,106786961,106799784,106804768,106821166,106824281,106826288,106827680,106830939,106831587,106838398,106848519,106851104,106853176,106857428,106889966,106890726,106895244,106898062,106903357	nan	POLR3B	nan	nan	0,0,0,0,0,0,0,0,0,0,0,0,0,0,0,0,0,0,0,0,0,0,0,0,0,0,0,0
1967	EIF2B1;NM_001414.4	12	-	124106272	124118134	124106272	124118134	9	124106272,124107152,124109303,124110941,124111560,124114685,124114913,124116861,124118061	124106497,124107338,124109439,124111070,124111733,124114862,124115110,124117023,124118134	nan	EIF2B1	nan	nan	0,0,0,0,0,0,0,0,0
79621	RNASEH2B;NM_001142279.2RNASEH2B;NM_024570.4	13	+	51484182	51544130	51484182	51544130	21	51484182,51484182,51501512,51501512,51503580,51503580,51504788,51504788,51508990,51508990,51517426,51517426,51519532,51519532,51522092,51522092,51523568,51523568,51528010,51530463,51544037	51484306,51484306,51501644,51501644,51503748,51503748,51504925,51504925,51509165,51509165,51517560,51517560,51519698,51519698,51522234,51522234,51523671,51523671,51528151,51530640,51544130	nan	RNASEH2B	nan	nan	0,0,0,0,0,0,0,0,0,0,0,0,0,0,0,0,0,0,0,0,0
1282	COL4A1;NM_001845.6	13	-	110802679	110959404	110802679	110959404	52	110802679,110804650,110807599,110813508,110814546,110815779,110817178,110818548,110819474,110821945,110822863,110825036,110826216,110826762,110826939,110827534,110828740,110828942,110829201,110830158,110830380,110831239,110831587,110833608,110835309,110835500,110838701,110839454,110844530,110845146,110847339,110850783,110853170,110853754,110855882,110857669,110857810,110858981,110859181,110859719,110861165,110861708,110862296,110862445,110863963,110864185,110864733,110864890,110866098,110866242,110894991,110959260	110802821,110804883,110807774,110813746,110814819,110815938,110817367,110818680,110819607,110822139,110823109,110825147,110826375,110826903,110827126,110827734,110828890,110829101,110829414,110830308,110830608,110831413,110831798,110833766,110835474,110835653,110838930,110839706,110844661,110845290,110847495,110851008,110853266,110853899,110855984,110857783,110857915,110859092,110859268,110859866,110861267,110861804,110862419,110862589,110864050,110864299,110864856,110864995,110866203,110866392,110895111,110959404	nan	COL4A1	nan	nan	0,0,0,0,0,0,0,0,0,0,0,0,0,0,0,0,0,0,0,0,0,0,0,0,0,0,0,0,0,0,0,0,0,0,0,0,0,0,0,0,0,0,0,0,0,0,0,0,0,0,0,0
1284	COL4A2;NM_001846.4	13	+	110960220	111164568	110960220	111164568	47	110960220,110960385,111009788,111077050,111077269,111080783,111082201,111082717,111082861,111084641,111086717,111088585,111090318,111090934,111092105,111098145,111099114,111101995,111102621,111109659,111111087,111114430,111114594,111117721,111118319,111119356,111121533,111125245,111130319,111132536,111134832,111137221,111137971,111141761,111142027,111143549,111144386,111145527,111147658,111153984,111155437,111155699,111156163,111156464,111158731,111160251,111164250	110960324,110960500,111009929,111077245,111077374,111080960,111082333,111082813,111082984,111084737,111086819,111088744,111090414,111091045,111092210,111098259,111099241,111102166,111102831,111109812,111111311,111114563,111114761,111117983,111118439,111119473,111121701,111125527,111130541,111132767,111135036,111137404,111138213,111141885,111142162,111143717,111144554,111145659,111147844,111154161,111155659,111155858,111156370,111156641,111158983,111160598,111164568	nan	COL4A2	nan	nan	0,0,0,0,0,0,0,0,0,0,0,0,0,0,0,0,0,0,0,0,0,0,0,0,0,0,0,0,0,0,0,0,0,0,0,0,0,0,0,0,0,0,0,0,0,0,0
79944	L2HGDH;NM_024884.3	14	-	50713745	50778898	50713745	50778898	10	50713745,50732045,50734440,50735850,50745207,50750558,50760802,50768704,50769589,50778698	50714001,50732237,50734658,50736078,50745302,50750781,50760994,50768916,50769765,50778898	nan	L2HGDH	nan	nan	0,0,0,0,0,0,0,0,0,0
23503	ZFYVE26;NM_015346.4	14	-	68215122	68282710	68215122	68282710	41	68215122,68217738,68219030,68220393,68220757,68221737,68222634,68228052,68228889,68229358,68232913,68234390,68235203,68236280,68238733,68241702,68242546,68244245,68244812,68246927,68248019,68249466,68251020,68251745,68252544,68252800,68256021,68257258,68260294,68260857,68264358,68264700,68268765,68270787,68271903,68272140,68273231,68274084,68275886,68280672,68282456	68215386,68217843,68219273,68220513,68220959,68221997,68222892,68228331,68229159,68229566,68233194,68234587,68235295,68236477,68238957,68241861,68242853,68244482,68244995,68247092,68248276,68250272,68251183,68252024,68252769,68252980,68256345,68257520,68260506,68260986,68264502,68265369,68269029,68271011,68272052,68272365,68273422,68274667,68276036,68280811,68282710	nan	ZFYVE26	nan	nan	0,0,0,0,0,0,0,0,0,0,0,0,0,0,0,0,0,0,0,0,0,0,0,0,0,0,0,0,0,0,0,0,0,0,0,0,0,0,0,0,0
8892	EIF2B2;NM_014239.4	14	+	75469663	75475921	75469663	75475921	8	75469663,75469947,75470223,75471409,75472538,75473249,75474394,75475703	75469886,75470128,75470432,75471633,75472694,75473447,75474521,75475921	nan	EIF2B2	nan	nan	0,0,0,0,0,0,0,0
2581	GALC;NM_000153.4	14	-	88401045	88459538	88401045	88459538	17	88401045,88406218,88407708,88411866,88414041,88416158,88416972,88429697,88431818,88434648,88442671,88448518,88450707,88452802,88454457,88454768,88459283	88401252,88406355,88407932,88412107,88414252,88416305,88417122,88429885,88432003,88434864,88442862,88448617,88450907,88452976,88454581,88454897,88459538	nan	GALC	nan	nan	0,0,0,0,0,0,0,0,0,0,0,0,0,0,0,0,0
80208	SPG11;NM_025137.4	15	-	44855288	44955875	44855288	44955875	40	44855288,44856714,44858021,44858384,44859591,44861565,44862692,44864850,44865714,44867069,44875981,44877803,44881419,44884498,44887426,44888250,44888951,44890432,44890798,44892634,44898192,44900611,44903007,44905597,44907530,44912357,44913926,44914387,44914895,44918498,44920836,44921400,44925672,44941033,44943658,44944296,44949262,44951246,44952599,44955558	44855529,44856926,44858237,44858533,44859820,44861733,44862886,44865048,44865973,44867269,44876786,44878078,44881642,44884666,44887687,44888583,44889171,44890601,44891064,44892860,44898319,44900833,44903213,44905764,44907794,44912631,44914162,44914575,44915027,44918735,44921072,44921616,44925865,44941239,44944167,44944494,44949524,44951531,44952844,44955875	nan	SPG11	nan	nan	0,0,0,0,0,0,0,0,0,0,0,0,0,0,0,0,0,0,0,0,0,0,0,0,0,0,0,0,0,0,0,0,0,0,0,0,0,0,0,0
3073	HEXA;NM_000520.6	15	-	72636387	72668343	72636387	72668343	14	72636387,72637756,72638545,72638837,72639996,72640358,72641389,72642828,72643443,72645378,72646001,72647869,72648835,72668030	72636511,72637921,72638696,72639081,72640129,72640505,72641630,72643021,72643605,72645549,72646108,72647995,72648988,72668343	nan	HEXA	nan	nan	0,0,0,0,0,0,0,0,0,0,0,0,0,0
124454	EARS2;NM_001083614.2	16	-	23535661	23568694	23535661	23568694	9	23535661,23536534,23540792,23541034,23543947,23546178,23555804,23563439,23568495	23535805,23536730,23540983,23541248,23544116,23546711,23556054,23563655,23568694	nan	EARS2	nan	nan	0,0,0,0,0,0,0,0,0
16	AARS1;NM_001605.3	16	-	70286593	70316696	70286593	70316696	20	70286593,70287140,70287586,70287791,70288493,70289600,70291905,70292852,70294916,70296218,70298830,70299410,70301531,70302143,70303490,70304068,70305653,70310358,70310838,70316492	70286839,70287314,70287733,70287971,70288667,70289769,70292150,70293119,70295090,70296457,70299035,70299595,70301742,70302312,70303696,70304273,70305905,70310564,70311087,70316696	nan	AARS1	nan	nan	0,0,0,0,0,0,0,0,0,0,0,0,0,0,0,0,0,0,0,0
80169	CTC1;NM_025099.6	17	-	8131467	8151384	8131467	8151384	23	8131467,8131790,8132014,8132429,8132589,8133178,8133581,8133850,8134563,8135013,8135190,8135648,8136193,8137742,8138036,8138340,8139118,8139345,8140662,8141318,8141679,8146272,8151291	8131667,8131977,8132240,8132554,8132794,8133316,8133816,8133999,8134817,8135163,8135575,8135823,8136380,8138003,8138274,8138633,8139307,8139690,8140867,8141590,8141977,8146496,8151384	nan	CTC1	nan	nan	0,0,0,0,0,0,0,0,0,0,0,0,0,0,0,0,0,0,0,0,0,0,0
224	ALDH3A2;NM_000382.3	17	+	19552254	19578915	19552254	19578915	10	19552254,19554829,19555829,19559648,19561027,19564409,19566615,19568230,19575003,19578840	19552467,19555121,19555975,19559917,19561205,19564611,19566842,19568390,19575299,19578915	nan	ALDH3A2	nan	nan	0,0,0,0,0,0,0,0,0,0
5193	PEX12;NM_000286.3	17	-	33902770	33905070	33902770	33905070	3	33902770,33904026,33904884	33903230,33904640,33905070	nan	PEX12	nan	nan	0,0,0
2670	GFAP;NM_002055.5	17	-	42984684	42992884	42984684	42992884	9	42984684,42985401,42987952,42988573,42989009,42990606,42991065,42991365,42992363	42984786,42985547,42988056,42988854,42989195,42990828,42991221,42991486,42992884	nan	GFAP	nan	nan	0,0,0,0,0,0,0,0,0
10382	TUBB4A;NM_006087.4	19	-	6495144	6502253	6495144	6502253	4	6495144,6501267,6501495,6502136	6496262,6501438,6501664,6502253	nan	TUBB4A	nan	nan	0,0,0,0
57192	MCOLN1;NM_020533.3	19	+	7587606	7598711	7587606	7598711	14	7587606,7589816,7591294,7591616,7592375,7592719,7593013,7593452,7593676,7593956,7594445,7595141,7598378,7598614	7587697,7590082,7591522,7591842,7592544,7592876,7593173,7593619,7593886,7594118,7594628,7595417,7598569,7598711	nan	MCOLN1	nan	nan	0,0,0,0,0,0,0,0,0,0,0,0,0,0
10535	RNASEH2A;NM_006397.3	19	+	12917457	12924310	12917457	12924310	8	12917457,12917791,12917989,12918202,12920854,12921100,12923866,12924111	12917644,12917923,12918173,12918350,12921052,12921248,12924050,12924310	nan	RNASEH2A	nan	nan	0,0,0,0,0,0,0,0
4854	NOTCH3;NM_000435.3	19	-	15271442	15311746	15271442	15311746	33	15271442,15273245,15276148,15276567,15278029,15280866,15281111,15281451,15284848,15288305,15289603,15289805,15290144,15290852,15291461,15291741,15292356,15295075,15295686,15296037,15296267,15297658,15297885,15298661,15299015,15299769,15300053,15302204,15302525,15302740,15303157,15308280,15311568	15272555,15273403,15276356,15276932,15278252,15281011,15281394,15281666,15285241,15288931,15289782,15290123,15290337,15291097,15291669,15292003,15292642,15295291,15295860,15296249,15296520,15297829,15298179,15298835,15299189,15300015,15300269,15302498,15302708,15303139,15303360,15308419,15311746	nan	NOTCH3	nan	nan	0,0,0,0,0,0,0,0,0,0,0,0,0,0,0,0,0,0,0,0,0,0,0,0,0,0,0,0,0,0,0,0,0
7305	TYROBP;NM_003332.4	19	-	36395440	36399160	36395440	36399160	5	36395440,36398089,36398317,36398601,36399039	36395566,36398196,36398512,36398694,36399160	nan	TYROBP	nan	nan	0,0,0,0,0
25939	SAMHD1;NM_015474.4	20	-	35521304	35580076	35521304	35580076	16	35521304,35526194,35526812,35532529,35533736,35539590,35540833,35545094,35545321,35547736,35555554,35559132,35563401,35569411,35575110,35579808	35521499,35526392,35526977,35532682,35533936,35539766,35540985,35545263,35545482,35547952,35555685,35559308,35563622,35569544,35575237,35580076	nan	SAMHD1	nan	nan	0,0,0,0,0,0,0,0,0,0,0,0,0,0,0,0
5476	CTSA;NM_000308.4	20	+	44520177	44527119	44520177	44527119	14	44520177,44520524,44520881,44521006,44521333,44521828,44522596,44523258,44523431,44523602,44525573,44526325,44526613,44526975	44520431,44520696,44520992,44521153,44521549,44521980,44522741,44523410,44523570,44523802,44525709,44526475,44526778,44527119	nan	CTSA	nan	nan	0,0,0,0,0,0,0,0,0,0,0,0,0,0
55670	PEX26;NM_017929.6	22	+	18561112	18570871	18561112	18570871	5	18561112,18562609,18566172,18567847,18570707	18561402,18562810,18566528,18568054,18570871	nan	PEX26	nan	nan	0,0,0,0,0
1890	TYMP;NM_001257988.1TYMP;NM_001257989.1	22	-	50964168	50968168	50964168	50968168	18	50964168,50964168,50964399,50964399,50964644,50964644,50964974,50964974,50965563,50965563,50965986,50965986,50966910,50966910,50967534,50967534,50967894,50967894	50964377,50964377,50964600,50964615,50964935,50964935,50965197,50965197,50965742,50965742,50966176,50966176,50967069,50967069,50967797,50967797,50968168,50968168	nan	TYMP	nan	nan	0,0,0,0,0,0,0,0,0,0,0,0,0,0,0,0,0,0
410	ARSA;NM_000487.6	22	-	51063542	51066237	51063542	51066237	8	51063542,51063976,51064333,51064551,51064988,51065231,51065563,51065953	51063922,51064139,51064521,51064736,51065218,51065510,51065864,51066237	nan	ARSA	nan	nan	0,0,0,0,0,0,0,0
6197	RPS6KA3;NM_004586.3	X	-	20173485	20284780	20173485	20284780	22	20173485,20174196,20179731,20181051,20182986,20185676,20187489,20190833,20193251,20194337,20194521,20195083,20204383,20205915,20206584,20211574,20212276,20213152,20222109,20227375,20252845,20284651	20173668,20174397,20179909,20181188,20183208,20185895,20187639,20191019,20193436,20194500,20194646,20195232,20204514,20206118,20206682,20211741,20212416,20213293,20222251,20227552,20252962,20284780	nan	RPS6KA3	nan	nan	0,0,0,0,0,0,0,0,0,0,0,0,0,0,0,0,0,0,0,0,0,0
2705	GJB1;NM_000166.6	X	+	70443527	70444439	70443527	70444439	1	70443527	70444439	nan	GJB1	nan	nan	0
2717	GLA;NM_000169.3	X	-	100652766	100662921	100652766	100662921	7	100652766,100653327,100653742,100655623,100656589,100658768,100662667	100653117,100653585,100653964,100655775,100656827,100659003,100662921	nan	GLA	nan	nan	0,0,0,0,0,0,0
5354	PLP1;NM_000533.5	X	+	103031893	103045556	103031893	103045556	7	103031893,103040480,103041363,103042696,103043335,103044231,103045424	103031957,103040727,103041685,103042925,103043469,103044357,103045556	nan	PLP1	nan	nan	0,0,0,0,0,0,0
4952	OCRL;NM_000276.4	X	+	128674386	128724277	128674386	128724277	24	128674386,128674690,128678904,128682509,128691271,128691807,128692579,128692786,128694496,128695125,128696330,128696545,128699718,128701200,128703210,128709086,128709843,128710263,128718290,128720948,128722125,128722832,128723791,128724092	128674485,128674830,128679044,128682608,128691442,128691957,128692760,128693008,128694658,128695300,128696507,128696793,128699890,128701370,128703406,128709257,128710069,128710559,128718374,128721125,128722270,128723020,128723963,128724277	nan	OCRL	nan	nan	0,0,0,0,0,0,0,0,0,0,0,0,0,0,0,0,0,0,0,0,0,0,0,0
215	ABCD1;NM_000033.4	X	+	152990691	153009219	152990691	153009219	10	152990691,152994656,153001535,153001768,153002580,153005515,153005997,153008410,153008644,153008912	152991651,152994897,153001738,153001997,153002735,153005721,153006203,153008555,153008830,153009219	nan	ABCD1	nan	nan	0,0,0,0,0,0,0,0,0,0
