#bin	name	chrom	strand	txStart	txEnd	cdsStart	cdsEnd	exonCount	exonStarts	exonSEnds	score	name2	cdsStartStat	cdsEndStat	exonFrames
339453	TMEM240;NM_001114748.2	1	-	1470708	1475756	1470708	1475756	4	1470708,1470938,1475033,1475639	1470917,1471207,1475200,1475756	nan	TMEM240	nan	nan	0,0,0,0
11315	PARK7;NM_007262.5	1	+	8022815	8045144	8022815	8045144	6	8022815,8025353,8029374,8030923,8037681,8044923	8022965,8025515,8029494,8031053,8037828,8045144	nan	PARK7	nan	nan	0,0,0,0,0,0
23435	TARDBP;NM_007375.4	1	+	11073754	11082741	11073754	11082741	5	11073754,11076870,11078759,11080455,11082150	11074052,11077094,11078960,11080686,11082741	nan	TARDBP	nan	nan	0,0,0,0,0
23400	ATP13A2;NM_022089.4	1	-	17312685	17338263	17312685	17338263	29	17312685,17312927,17313269,17313510,17314602,17314786,17316155,17316351,17316591,17318198,17318473,17318707,17318950,17320093,17322440,17322718,17322850,17323484,17326475,17326710,17326864,17328498,17328760,17330796,17331156,17331478,17331838,17332148,17338193	17312883,17313157,17313481,17313794,17314759,17314999,17316295,17316528,17316812,17318383,17318654,17318927,17319106,17320360,17322689,17322825,17323021,17323700,17326667,17326837,17327059,17328628,17328898,17330936,17331346,17331597,17332081,17332303,17338263	nan	ATP13A2	nan	nan	0,0,0,0,0,0,0,0,0,0,0,0,0,0,0,0,0,0,0,0,0,0,0,0,0,0,0,0,0
65018	PINK1;NM_032409.3	1	+	20960011	20977214	20960011	20977214	8	20960011,20964304,20966354,20970952,20972022,20974967,20975457,20976896	20960458,20964652,20966515,20971195,20972246,20975155,20975754,20977214	nan	PINK1	nan	nan	0,0,0,0,0,0,0,0
8891	EIF2B3;NM_020365.5	1	-	45316592	45446870	45316592	45446870	11	45316592,45323345,45340319,45341259,45345459,45347253,45362996,45392269,45407147,45443956,45446662	45316705,45323509,45340528,45341397,45345710,45347441,45363146,45392441,45407367,45444162,45446870	nan	EIF2B3	nan	nan	0,0,0,0,0,0,0,0,0,0,0
9829	DNAJC6;NM_001256864.2	1	+	65775398	65878738	65775398	65878738	19	65775398,65830287,65831537,65831700,65845054,65849845,65851364,65852464,65853988,65854908,65855199,65858083,65860550,65864465,65867413,65871522,65874293,65876902,65878576	65775651,65830498,65831647,65831909,65845237,65850039,65851619,65852642,65854128,65855162,65855340,65858578,65860745,65864594,65867593,65871846,65874496,65877139,65878738	nan	DNAJC6	nan	nan	0,0,0,0,0,0,0,0,0,0,0,0,0,0,0,0,0,0,0
3752	KCND3;NM_004980.5	1	-	112318668	112525378	112318668	112525378	7	112318668,112319617,112321027,112322816,112323281,112329535,112524212	112318930,112319925,112321144,112322966,112323443,112329758,112525378	nan	KCND3	nan	nan	0,0,0,0,0,0,0
55157	DARS2;NM_018122.5	1	+	173794337	173826873	173794337	173826873	17	173794337,173795794,173797440,173799767,173800642,173802483,173803580,173806047,173807297,173808474,173809973,173814336,173819434,173822456,173822902,173825773,173826625	173794524,173795954,173797567,173799929,173800798,173802667,173803687,173806214,173807427,173808714,173810141,173814459,173819647,173822735,173823073,173825909,173826873	nan	DARS2	nan	nan	0,0,0,0,0,0,0,0,0,0,0,0,0,0,0,0,0
9213	XPR1;NM_004736.4	1	+	180601307	180853232	180601307	180853232	15	180601307,180651465,180756858,180772493,180775167,180775579,180780512,180793858,180794270,180803979,180805627,180832813,180842908,180849181,180853111	180601436,180651577,180757020,180772777,180775377,180775723,180780654,180794109,180794510,180804211,180805882,180833040,180843108,180849463,180853232	nan	XPR1	nan	nan	0,0,0,0,0,0,0,0,0,0,0,0,0,0,0
5664	PSEN2;NM_000447.3	1	+	227069578	227083310	227069578	227083310	10	227069578,227071375,227073208,227075761,227076499,227077705,227078948,227079413,227081677,227083094	227069779,227071650,227073410,227075889,227076780,227077864,227079092,227079575,227081856,227083310	nan	PSEN2	nan	nan	0,0,0,0,0,0,0,0,0,0
1130	LYST;NM_001301365.1	1	-	235826209	235993747	235826209	235993747	51	235826209,235827253,235827734,235840360,235840749,235850218,235856619,235860352,235866016,235872360,235875326,235878470,235879981,235883930,235887297,235891345,235892865,235894116,235894301,235896772,235897099,235897752,235904691,235907248,235909605,235914479,235915274,235916313,235918747,235920550,235922241,235925989,235929348,235933429,235937111,235938182,235940332,235944134,235945196,235950469,235951970,235954968,235956772,235963589,235964140,235966177,235967773,235969012,235971724,235976240,235993495	235826408,235827385,235827951,235840518,235840949,235850377,235856816,235860602,235866307,235872638,235875527,235878687,235880108,235884235,235887510,235891461,235892987,235894273,235894507,235897021,235897236,235897989,235904958,235907487,235909857,235914692,235915501,235916604,235918977,235920788,235922929,235926181,235929607,235933627,235937321,235938416,235940638,235944385,235945417,235950703,235952175,235955455,235956942,235963716,235964427,235966394,235967995,235970102,235973864,235976391,235993747	nan	LYST	nan	nan	0,0,0,0,0,0,0,0,0,0,0,0,0,0,0,0,0,0,0,0,0,0,0,0,0,0,0,0,0,0,0,0,0,0,0,0,0,0,0,0,0,0,0,0,0,0,0,0,0,0,0
8890	EIF2B4;NM_001034116.2	2	-	27587236	27593211	27587236	27593211	13	27587236,27587554,27589595,27589910,27590293,27590582,27590861,27591208,27591490,27591842,27592250,27592712,27593120	27587496,27587795,27589833,27590098,27590456,27590719,27591036,27591360,27591630,27592109,27592446,27592816,27593211	nan	EIF2B4	nan	nan	0,0,0,0,0,0,0,0,0,0,0,0,0
6683	SPAST;NM_014946.4	2	+	32288870	32379595	32288870	32379595	17	32288870,32312530,32314560,32323834,32339676,32340740,32341157,32351986,32353446,32361601,32361915,32362147,32366942,32368374,32369975,32372256,32379412	32289345,32312677,32314704,32323990,32339924,32340934,32341311,32352121,32353578,32361737,32362067,32362287,32367045,32368514,32370106,32372357,32379595	nan	SPAST	nan	nan	0,0,0,0,0,0,0,0,0,0,0,0,0,0,0,0,0
1639	DCTN1;NM_004082.5	2	-	74588595	74607194	74588595	74607194	32	74588595,74589148,74589746,74590090,74590390,74590710,74592171,74592611,74592989,74593340,74593555,74593879,74594141,74594448,74594792,74595067,74595824,74596194,74596396,74597061,74597282,74597562,74597717,74598075,74598633,74600024,74601419,74603838,74604528,74604744,74605096,74607101	74588793,74589298,74589886,74590334,74590584,74590785,74592398,74592814,74593175,74593532,74593777,74594089,74594264,74594577,74595021,74595288,74596037,74596371,74596648,74597226,74597502,74597701,74597982,74598333,74598885,74600105,74601497,74603919,74604623,74604883,74605402,74607194	nan	DCTN1	nan	nan	0,0,0,0,0,0,0,0,0,0,0,0,0,0,0,0,0,0,0,0,0,0,0,0,0,0,0,0,0,0,0,0
57679	ALS2;NM_020919.4	2	-	202566543	202633638	202566543	202633638	33	202566543,202568814,202569146,202569831,202570108,202571538,202572561,202574573,202575683,202580364,202582769,202587735,202588022,202588987,202590048,202591176,202591356,202591904,202592397,202593204,202593744,202597968,202603362,202606366,202608950,202611258,202614404,202617838,202619195,202622094,202625573,202631921,202633558	202566642,202568971,202569356,202569953,202570214,202571775,202572744,202574791,202575861,202580592,202582963,202587873,202588194,202589212,202590207,202591302,202591619,202592031,202592528,202593393,202593936,202598191,202603488,202606607,202609182,202611501,202614542,202617995,202619424,202622512,202626571,202632136,202633638	nan	ALS2	nan	nan	0,0,0,0,0,0,0,0,0,0,0,0,0,0,0,0,0,0,0,0,0,0,0,0,0,0,0,0,0,0,0,0,0
1593	CYP27A1;NM_000784.4	2	+	219646875	219679783	219646875	219679783	9	219646875,219674269,219676914,219677244,219677616,219678713,219679072,219679237,219679603	219647190,219674520,219677174,219677502,219677849,219678940,219679211,219679510,219679783	nan	CYP27A1	nan	nan	0,0,0,0,0,0,0,0,0
25978	CHMP2B;NM_014043.4	3	+	87276642	87303002	87276642	87303002	6	87276642,87289818,87294833,87298994,87302523,87302831	87276736,87289970,87295088,87299157,87302690,87303002	nan	CHMP2B	nan	nan	0,0,0,0,0,0
1356	CP;NM_000096.4	3	-	148891470	148939609	148891470	148939609	19	148891470,148894006,148895596,148896171,148897312,148899761,148901222,148902995,148904276,148905808,148916123,148917468,148919858,148923924,148925119,148926967,148927923,148930207,148939403	148891547,148894229,148895796,148896448,148897479,148899950,148901422,148903263,148904549,148906019,148916395,148917681,148920058,148924156,148925434,148927201,148928196,148930515,148939609	nan	CP	nan	nan	0,0,0,0,0,0,0,0,0,0,0,0,0,0,0,0,0,0,0
8893	EIF2B5;NM_003907.3	3	+	183853143	183862761	183853143	183862761	16	183853143,183854369,183855377,183855655,183855923,183857837,183858175,183859682,183859994,183860259,183860536,183860809,183861199,183861856,183862354,183862641	183853398,183854554,183855623,183855893,183856064,183857975,183858548,183859888,183860196,183860421,183860704,183860960,183861383,183862042,183862525,183862761	nan	EIF2B5	nan	nan	0,0,0,0,0,0,0,0,0,0,0,0,0,0,0,0
1181	CLCN2;NM_004366.6	3	-	184064363	184079297	184064363	184079297	24	184064363,184064692,184069770,184070050,184070200,184070494,184070790,184071007,184071419,184071858,184072305,184072661,184073131,184073451,184074750,184074939,184075119,184075377,184075536,184075719,184075939,184076439,184076732,184079174	184064618,184064839,184069935,184070149,184070314,184070628,184070965,184071240,184071613,184072132,184072476,184072791,184073347,184073596,184074912,184075084,184075305,184075516,184075674,184075913,184076128,184076631,184076949,184079297	nan	CLCN2	nan	nan	0,0,0,0,0,0,0,0,0,0,0,0,0,0,0,0,0,0,0,0,0,0,0,0
6622	SNCA;NM_000345.4	4	-	90647748	90756848	90647748	90756848	5	90647748,90650314,90743366,90749263,90756667	90647841,90650458,90743569,90749365,90756848	nan	SNCA	nan	nan	0,0,0,0,0
3074	HEXB;NM_000521.4	5	+	73981055	74017030	73981055	74017030	14	73981055,73985122,73989433,73992487,73992790,74001013,74009300,74011304,74012381,74014085,74014591,74016222,74016437,74016912	73981414,73985328,73989559,73992594,73992961,74001175,74009490,74011545,74012528,74014218,74014826,74016373,74016602,74017030	nan	HEXB	nan	nan	0,0,0,0,0,0,0,0,0,0,0,0,0,0
1436	CSF1R;NM_005211.3	5	-	149433601	149466020	149433601	149466020	21	149433601,149433854,149434769,149435558,149435751,149436819,149437036,149439232,149440394,149441023,149441255,149447747,149449405,149449714,149449988,149452833,149456808,149457644,149459584,149460299,149465911	149433817,149434023,149434929,149435730,149435934,149436977,149437185,149439455,149440565,149441188,149441442,149447923,149449656,149449895,149450164,149453086,149457028,149457841,149459929,149460617,149466020	nan	CSF1R	nan	nan	0,0,0,0,0,0,0,0,0,0,0,0,0,0,0,0,0,0,0,0,0
5159	PDGFRB;NM_002609.4	5	-	149495295	149516640	149495295	149516640	22	149495295,149497150,149498279,149498999,149499544,149500420,149500736,149501412,149502574,149503782,149504259,149504977,149506052,149509289,149510071,149511511,149512282,149513118,149513413,149514282,149515087,149516540	149495539,149497443,149498445,149499159,149499716,149500603,149500915,149501633,149502794,149503953,149504424,149505170,149506207,149509561,149510255,149511687,149512535,149513353,149513601,149514609,149515471,149516640	nan	PDGFRB	nan	nan	0,0,0,0,0,0,0,0,0,0,0,0,0,0,0,0,0,0,0,0,0,0
8878	SQSTM1;NM_003900.5	5	+	179247906	179263623	179247906	179263623	8	179247906,179249927,179250827,179251151,179252115,179260001,179260556,179263405	179248171,179250083,179251117,179251353,179252256,179260276,179260812,179263623	nan	SQSTM1	nan	nan	0,0,0,0,0,0,0,0
378884	NHLRC1;NM_198586.3	6	-	18121619	18122867	18121619	18122867	1	18121619	18122867	nan	NHLRC1	nan	nan	0
54209	TREM2;NM_018965.4	6	-	41126471	41130850	41126471	41130850	5	41126471,41126580,41127499,41128970,41130750	41126548,41126834,41127650,41129381,41130850	nan	TREM2	nan	nan	0,0,0,0,0
6785	ELOVL4;NM_022726.4	6	-	80626294	80657026	80626294	80657026	6	80626294,80629106,80631311,80634638,80635880,80656866	80626630,80629294,80631543,80634779,80636128,80657026	nan	ELOVL4	nan	nan	0,0,0,0,0,0
9896	FIG4;NM_014845.6	6	+	110012608	110146498	110012608	110146498	23	110012608,110036250,110037617,110048281,110053809,110056322,110059497,110062616,110064282,110064847,110081422,110083263,110085109,110086185,110087901,110098094,110106142,110107474,110110766,110112548,110113754,110117937,110146260	110012734,110036409,110037801,110048498,110053920,110056531,110059686,110062777,110064505,110065005,110081616,110083440,110085215,110086394,110088128,110098293,110106261,110107682,110110910,110112804,110113897,110118084,110146498	nan	FIG4	nan	nan	0,0,0,0,0,0,0,0,0,0,0,0,0,0,0,0,0,0,0,0,0,0,0
7957	EPM2A;NM_005670.4	6	-	145948521	146056664	145948521	146056664	4	145948521,145956350,146007227,146056303	145948859,145956652,146007462,146056664	nan	EPM2A	nan	nan	0,0,0,0
5071	PRKN;NM_004562.3	6	-	161771100	163148730	161771100	163148730	12	161771100,161781089,161807795,161969855,161990356,162206773,162394303,162475092,162622132,162683526,162864311,163148663	161771273,161781267,161807939,161970065,161990478,162206970,162394479,162475236,162622314,162683827,162864535,163148730	nan	PRKN	nan	nan	0,0,0,0,0,0,0,0,0,0,0,0
54476	RNF216;NM_207111.4	7	-	5662460	5800730	5662460	5800730	16	5662460,5663656,5680754,5692013,5751361,5752315,5754653,5756316,5760633,5764924,5769032,5770315,5778876,5780573,5792446,5800603	5662840,5663786,5681037,5692171,5751500,5752524,5754851,5756427,5760833,5765099,5769257,5770478,5779013,5781476,5792640,5800730	nan	RNF216	nan	nan	0,0,0,0,0,0,0,0,0,0,0,0,0,0,0,0
51142	CHCHD2;NM_016139.4	7	-	56169513	56174136	56169513	56174136	4	56169513,56170529,56171888,56174026	56169584,56170734,56172198,56174136	nan	CHCHD2	nan	nan	0,0,0,0
6575	SLC20A2;NM_006749.5	8	-	42275290	42329938	42275290	42329938	10	42275290,42286245,42287551,42294476,42296937,42302133,42317383,42320492,42323264,42329589	42275515,42286390,42287797,42295125,42297201,42302310,42317540,42320638,42323465,42329938	nan	SLC20A2	nan	nan	0,0,0,0,0,0,0,0,0,0
9420	CYP7B1;NM_004820.5	8	-	65509168	65711174	65509168	65711174	6	65509168,65517208,65527552,65528217,65536929,65710992	65509516,65517444,65527819,65528868,65537126,65711174	nan	CYP7B1	nan	nan	0,0,0,0,0,0
57462	MYORG;NM_020702.5	9	-	34370766	34372971	34370766	34372971	1	34370766	34372971	nan	MYORG	nan	nan	0
7415	VCP;NM_007126.5	9	-	35057083	35072380	35057083	35072380	17	35057083,35057342,35059030,35059459,35060279,35060767,35060981,35061543,35061969,35062183,35062944,35064120,35065217,35066641,35067857,35068217,35072303	35057249,35057557,35059246,35059828,35060552,35060950,35061206,35061716,35062165,35062377,35063107,35064312,35065408,35066844,35068090,35068389,35072380	nan	VCP	nan	nan	0,0,0,0,0,0,0,0,0,0,0,0,0,0,0,0,0
23230	VPS13A;NM_015186.3	9	+	79792590	79999629	79792590	79999629	69	79792590,79814830,79816250,79820198,79820863,79824308,79825501,79827854,79828119,79829214,79834839,79835162,79836070,79840811,79841351,79842276,79843007,79852887,79853157,79862144,79864982,79867120,79874971,79888165,79890383,79890950,79895044,79896752,79897006,79898240,79898432,79908226,79910427,79917800,79922830,79928877,79929380,79930138,79931059,79932491,79933120,79934457,79936054,79936376,79937952,79946895,79952140,79954401,79955063,79955289,79959038,79959894,79966202,79968294,79971599,79972577,79973242,79974218,79975421,79980345,79981612,79982940,79984184,79985142,79985300,79985775,79985911,79996861,79999470	79792750,79814934,79816353,79820354,79821025,79824478,79825621,79827974,79828260,79829332,79835027,79835329,79836302,79840934,79841544,79842431,79843210,79853137,79853332,79862341,79865175,79867298,79875170,79888310,79890598,79891167,79895184,79896872,79897220,79898417,79898596,79908454,79910792,79918008,79923044,79929065,79929610,79930416,79931352,79932644,79933537,79934619,79936273,79936692,79938173,79947059,79952483,79954857,79955228,79955496,79959227,79960088,79966392,79968587,79971813,79972784,79973384,79974348,79975587,79980519,79981818,79983082,79984358,79985278,79985524,79985881,79986095,79997033,79999629	nan	VPS13A	nan	nan	0,0,0,0,0,0,0,0,0,0,0,0,0,0,0,0,0,0,0,0,0,0,0,0,0,0,0,0,0,0,0,0,0,0,0,0,0,0,0,0,0,0,0,0,0,0,0,0,0,0,0,0,0,0,0,0,0,0,0,0,0,0,0,0,0,0,0,0,0
549	AUH;NM_001698.3	9	-	93976599	94124201	93976599	94124201	10	93976599,93978310,93979528,93983056,94058272,94060235,94087569,94118134,94118339,94123879	93976737,93978418,93979639,93983304,94058389,94060388,94087716,94118282,94118467,94124201	nan	AUH	nan	nan	0,0,0,0,0,0,0,0,0,0
23064	SETX;NM_015046.7	9	-	135139595	135224845	135139595	135224845	24	135139595,135144971,135147066,135150612,135152416,135153426,135156823,135158620,135161779,135163592,135163906,135171228,135172243,135173436,135175986,135187113,135201680,135206408,135206633,135209964,135211652,135218046,135221617,135224608	135140402,135145119,135147225,135150837,135152569,135153674,135156991,135158830,135161911,135163768,135164068,135171445,135172471,135173729,135176220,135187273,135205916,135206556,135206865,135210144,135211932,135218216,135221888,135224845	nan	SETX	nan	nan	0,0,0,0,0,0,0,0,0,0,0,0,0,0,0,0,0,0,0,0,0,0,0,0
10133	OPTN;NM_001008211.1	10	+	13151092	13178896	13151092	13178896	13	13151092,13152243,13154422,13158236,13160857,13164354,13165964,13167387,13167915,13169714,13174036,13175471,13178714	13151318,13152506,13154665,13158370,13161070,13164517,13166140,13167597,13168069,13169933,13174227,13175611,13178896	nan	OPTN	nan	nan	0,0,0,0,0,0,0,0,0,0,0,0,0
311	ANXA11;NM_145869.2	10	-	81915578	81932647	81915578	81932647	14	81915578,81917366,81917692,81918825,81921660,81923074,81923259,81923778,81925809,81926615,81926951,81928694,81930525,81932532	81915698,81917549,81917811,81918981,81921814,81923191,81923399,81923929,81925983,81926770,81927099,81929144,81930701,81932647	nan	ANXA11	nan	nan	0,0,0,0,0,0,0,0,0,0,0,0,0,0
5654	HTRA1;NM_002775.5	10	+	124221138	124273905	124221138	124273905	9	124221138,124248387,124248907,124266176,124266855,124268141,124269581,124271455,124273676	124221670,124248547,124249172,124266431,124266948,124268316,124269699,124271611,124273905	nan	HTRA1	nan	nan	0,0,0,0,0,0,0,0,0
8722	CTSF;NM_003793.4	11	-	66331373	66335987	66331373	66335987	13	66331373,66331528,66331998,66332182,66332327,66333111,66333271,66333462,66333731,66334686,66334884,66335424,66335714	66331508,66331647,66332149,66332307,66332507,66333252,66333428,66333668,66333905,66334822,66335163,66335583,66335987	nan	CTSF	nan	nan	0,0,0,0,0,0,0,0,0,0,0,0,0
120892	LRRK2;NM_198578.4	12	+	40618903	40761597	40618903	40761597	51	40618903,40619326,40626045,40629397,40631740,40634254,40637321,40643597,40645003,40645236,40646681,40651019,40653251,40657560,40668354,40668625,40671659,40671862,40677646,40681122,40687316,40688616,40689198,40692014,40692880,40696560,40697719,40699556,40702238,40702877,40704202,40707743,40708983,40713759,40714805,40715806,40716090,40716931,40722131,40728738,40734065,40740524,40742180,40745310,40748070,40749886,40753031,40757173,40758613,40760777,40761415	40619114,40619472,40626215,40629546,40631935,40634449,40637513,40643777,40645206,40645376,40646848,40651209,40653436,40657733,40668559,40668825,40671848,40672093,40677965,40681371,40687495,40688746,40689476,40692325,40693089,40696714,40697966,40699798,40702528,40703065,40704481,40708005,40709132,40714007,40715020,40716013,40716342,40717138,40722292,40728989,40734286,40740755,40742341,40745565,40748324,40750019,40753276,40757386,40758882,40760909,40761597	nan	LRRK2	nan	nan	0,0,0,0,0,0,0,0,0,0,0,0,0,0,0,0,0,0,0,0,0,0,0,0,0,0,0,0,0,0,0,0,0,0,0,0,0,0,0,0,0,0,0,0,0,0,0,0,0,0,0
3178	HNRNPA1;NM_031157.4	12	+	54674561	54678127	54674561	54678127	10	54674561,54675139,54675548,54675843,54676147,54676326,54676553,54676832,54677565,54678011	54674636,54675316,54675755,54676114,54676300,54676479,54676688,54677048,54677781,54678127	nan	HNRNPA1	nan	nan	0,0,0,0,0,0,0,0,0,0
3798	KIF5A;NM_004984.4	12	+	57944024	57976992	57944024	57976992	28	57944024,57957191,57957372,57957860,57958212,57958670,57960878,57961246,57962715,57963008,57963287,57963739,57965073,57965813,57966332,57968836,57969392,57969839,57970021,57970513,57971465,57971761,57971990,57974708,57975167,57975622,57976354,57976853	57944213,57957339,57957506,57958025,57958321,57958786,57961026,57961431,57962880,57963217,57963496,57963975,57965202,57966080,57966539,57969085,57969570,57969964,57970191,57970675,57971586,57971893,57972155,57974985,57975381,57975765,57976442,57976992	nan	KIF5A	nan	nan	0,0,0,0,0,0,0,0,0,0,0,0,0,0,0,0,0,0,0,0,0,0,0,0,0,0,0,0
29110	TBK1;NM_013254.4	12	+	64849620	64895191	64849620	64895191	20	64849620,64853938,64858083,64860650,64867979,64873761,64875591,64878052,64879204,64879675,64882236,64883790,64889232,64889448,64890116,64890698,64890912,64891397,64891717,64895079	64849767,64854139,64858273,64860892,64868200,64873932,64875831,64878309,64879323,64879827,64882398,64883929,64889414,64889585,64890216,64890860,64891069,64891564,64891849,64895191	nan	TBK1	nan	nan	0,0,0,0,0,0,0,0,0,0,0,0,0,0,0,0,0,0,0,0
1967	EIF2B1;NM_001414.4	12	-	124106272	124118134	124106272	124118134	9	124106272,124107152,124109303,124110941,124111560,124114685,124114913,124116861,124118061	124106497,124107338,124109439,124111070,124111733,124114862,124115110,124117023,124118134	nan	EIF2B1	nan	nan	0,0,0,0,0,0,0,0,0
9445	ITM2B;NM_021999.5	13	+	48807466	48835390	48807466	48835390	6	48807466,48827913,48830282,48832231,48832902,48835244	48807643,48828102,48830549,48832402,48833113,48835390	nan	ITM2B	nan	nan	0,0,0,0,0,0
540	ATP7B;NM_000053.4	13	-	52508861	52585503	52508861	52585503	21	52508861,52509698,52511381,52511581,52513156,52515186,52516491,52518214,52520389,52523767,52524112,52524377,52531621,52532416,52534253,52535942,52538977,52542549,52544597,52548040,52585392	52509195,52509861,52511559,52511845,52513359,52515390,52516720,52518457,52520644,52523962,52524327,52524565,52531773,52532710,52534488,52536079,52539199,52542773,52544915,52549334,52585503	nan	ATP7B	nan	nan	0,0,0,0,0,0,0,0,0,0,0,0,0,0,0,0,0,0,0,0,0
283	ANG;NM_001145.4	14	+	21161693	21162197	21161693	21162197	1	21161693	21162197	nan	ANG	nan	nan	0
2643	GCH1;NM_000161.3	14	-	55310704	55369411	55310704	55369411	6	55310704,55312455,55313786,55326368,55332014,55369008	55310891,55312600,55313878,55326484,55332184,55369411	nan	GCH1	nan	nan	0,0,0,0,0,0
5663	PSEN1;NM_000021.4	14	+	73614697	73686027	73614697	73686027	10	73614697,73637474,73640243,73653530,73659321,73664708,73673063,73678446,73683803,73685811	73614844,73637785,73640445,73653658,73659602,73664867,73673210,73678680,73683982,73686027	nan	PSEN1	nan	nan	0,0,0,0,0,0,0,0,0,0
10577	NPC2;NM_006432.5	14	-	74946946	74960007	74946946	74960007	5	74946946,74947374,74951087,74953001,74959865	74947021,74947512,74951320,74953169,74960007	nan	NPC2	nan	nan	0,0,0,0,0
8892	EIF2B2;NM_014239.4	14	+	75469663	75475921	75469663	75475921	8	75469663,75469947,75470223,75471409,75472538,75473249,75474394,75475703	75469886,75470128,75470432,75471633,75472694,75473447,75474521,75475921	nan	EIF2B2	nan	nan	0,0,0,0,0,0,0,0
80208	SPG11;NM_025137.4	15	-	44855288	44955875	44855288	44955875	40	44855288,44856714,44858021,44858384,44859591,44861565,44862692,44864850,44865714,44867069,44875981,44877803,44881419,44884498,44887426,44888250,44888951,44890432,44890798,44892634,44898192,44900611,44903007,44905597,44907530,44912357,44913926,44914387,44914895,44918498,44920836,44921400,44925672,44941033,44943658,44944296,44949262,44951246,44952599,44955558	44855529,44856926,44858237,44858533,44859820,44861733,44862886,44865048,44865973,44867269,44876786,44878078,44881642,44884666,44887687,44888583,44889171,44890601,44891064,44892860,44898319,44900833,44903213,44905764,44907794,44912631,44914162,44914575,44915027,44918735,44921072,44921616,44925865,44941239,44944167,44944494,44949524,44951531,44952844,44955875	nan	SPG11	nan	nan	0,0,0,0,0,0,0,0,0,0,0,0,0,0,0,0,0,0,0,0,0,0,0,0,0,0,0,0,0,0,0,0,0,0,0,0,0,0,0,0
54982	CLN6;NM_017882.3	15	-	68500447	68521952	68500447	68521952	7	68500447,68501944,68503570,68503982,68506597,68510843,68521809	68500778,68502127,68503686,68504231,68506756,68511018,68521952	nan	CLN6	nan	nan	0,0,0,0,0,0,0
3073	HEXA;NM_000520.6	15	-	72636387	72668343	72636387	72668343	14	72636387,72637756,72638545,72638837,72639996,72640358,72641389,72642828,72643443,72645378,72646001,72647869,72648835,72668030	72636511,72637921,72638696,72639081,72640129,72640505,72641630,72643021,72643605,72645549,72646108,72647995,72648988,72668343	nan	HEXA	nan	nan	0,0,0,0,0,0,0,0,0,0,0,0,0,0
899	CCNF;NM_001761.3	16	+	2479452	2507051	2479452	2507051	17	2479452,2481100,2482931,2485776,2487099,2488040,2489323,2489719,2493619,2495428,2498825,2499252,2499798,2503180,2503380,2505365,2506515	2479528,2481315,2483098,2485904,2487353,2488154,2489488,2489857,2493831,2495653,2499009,2499493,2499946,2503340,2503568,2505595,2507051	nan	CCNF	nan	nan	0,0,0,0,0,0,0,0,0,0,0,0,0,0,0,0,0
2521	FUS;NM_004960.4	16	+	31191505	31202789	31191505	31202789	15	31191505,31193688,31193803,31195148,31195499,31196229,31198092,31199615,31200413,31200955,31201330,31201565,31202032,31202253,31202689	31191578,31193773,31194015,31195353,31195747,31196530,31198187,31199708,31200577,31201145,31201492,31201749,31202193,31202461,31202789	nan	FUS	nan	nan	0,0,0,0,0,0,0,0,0,0,0,0,0,0,0
55737	VPS35;NM_018206.6	16	-	46694353	46723075	46694353	46723075	17	46694353,46695599,46696124,46696864,46702811,46705586,46706146,46708195,46708445,46710464,46711196,46712824,46714552,46715258,46715960,46717389,46723012	46694593,46695803,46696424,46697104,46702994,46705802,46706414,46708404,46708602,46710634,46711340,46713098,46714795,46715442,46716117,46717548,46723075	nan	VPS35	nan	nan	0,0,0,0,0,0,0,0,0,0,0,0,0,0,0,0,0
5216	PFN1;NM_005022.4	17	-	4849164	4851719	4849164	4851719	3	4849164,4849892,4851527	4849322,4850145,4851719	nan	PFN1	nan	nan	0,0,0
54902	TTC19;NM_017775.4	17	+	15903132	15930866	15903132	15930866	10	15903132,15903401,15905198,15906076,15907114,15907484,15909757,15928300,15929823,15930657	15903376,15903589,15905369,15906175,15907231,15907606,15909912,15928515,15930046,15930866	nan	TTC19	nan	nan	0,0,0,0,0,0,0,0,0,0
80347	COASY;NM_025233.7	17	+	40714610	40718016	40714610	40718016	9	40714610,40715948,40716433,40716696,40716970,40717214,40717458,40717646,40717893	40715370,40716223,40716625,40716946,40717095,40717359,40717616,40717853,40718016	nan	COASY	nan	nan	0,0,0,0,0,0,0,0,0
2896	GRN;NM_002087.4	17	+	42426502	42430196	42426502	42430196	12	42426502,42426763,42427004,42427565,42427779,42428028,42428374,42428700,42428887,42429352,42429678,42429998	42426700,42426949,42427149,42427738,42427975,42428198,42428561,42428858,42429193,42429646,42429969,42430196	nan	GRN	nan	nan	0,0,0,0,0,0,0,0,0,0,0,0
2670	GFAP;NM_002055.5	17	-	42984684	42992884	42984684	42992884	9	42984684,42985401,42987952,42988573,42989009,42990606,42991065,42991365,42992363	42984786,42985547,42988056,42988854,42989195,42990828,42991221,42991486,42992884	nan	GFAP	nan	nan	0,0,0,0,0,0,0,0,0
4137	MAPT;NM_016835.4	17	+	44039673	44101567	44039673	44101567	13	44039673,44049194,44051720,44055710,44060513,44064375,44067213,44068795,44073734,44087645,44091578,44095953,44101291	44039866,44049341,44051867,44055836,44061326,44064491,44067471,44068982,44074060,44087798,44091720,44096126,44101567	nan	MAPT	nan	nan	0,0,0,0,0,0,0,0,0,0,0,0,0
8913	CACNA1G;NM_018896.5	17	+	48638790	48704142	48638790	48704142	38	48638790,48646200,48646495,48647036,48649208,48649884,48650351,48652873,48655518,48667801,48668765,48669069,48669267,48672323,48673892,48674060,48676758,48678056,48678381,48680150,48680345,48681485,48683228,48684230,48685157,48687212,48692691,48693605,48694768,48695189,48695378,48695552,48695985,48697013,48698990,48701237,48701690,48703347	48639092,48646372,48646689,48647194,48649428,48650245,48650504,48653717,48655955,48668013,48669011,48669244,48669483,48672452,48674037,48674314,48677250,48678217,48678565,48680279,48680590,48681672,48683414,48684380,48685410,48687326,48692903,48693775,48694962,48695320,48695517,48695734,48696399,48697217,48699185,48701466,48701920,48704142	nan	CACNA1G	nan	nan	0,0,0,0,0,0,0,0,0,0,0,0,0,0,0,0,0,0,0,0,0,0,0,0,0,0,0,0,0,0,0,0,0,0,0,0,0,0
10939	AFG3L2;NM_006796.3	18	-	12329533	12377111	12329533	12377111	17	12329533,12337309,12340169,12344100,12348241,12351053,12351274,12352973,12356662,12358638,12359895,12363750,12366933,12367244,12370817,12371560,12376937	12329812,12337564,12340430,12344276,12348412,12351239,12351442,12353187,12356860,12358972,12360080,12363885,12367146,12367411,12370955,12371720,12377111	nan	AFG3L2	nan	nan	0,0,0,0,0,0,0,0,0,0,0,0,0,0,0,0,0
4864	NPC1;NM_000271.5	18	-	21112135	21166337	21112135	21166337	25	21112135,21113288,21114379,21115402,21116606,21118475,21119288,21119744,21120381,21121001,21121239,21123388,21124277,21124893,21127939,21131560,21134691,21136176,21137050,21140164,21141293,21148756,21152007,21153385,21166220	21112278,21113511,21114553,21115694,21116870,21118665,21119464,21119995,21120531,21121202,21121427,21123563,21124520,21125143,21128102,21131721,21134978,21136607,21137184,21140474,21141521,21148992,21152174,21153568,21166337	nan	NPC1	nan	nan	0,0,0,0,0,0,0,0,0,0,0,0,0,0,0,0,0,0,0,0,0,0,0,0,0
1786	DNMT1;NM_001130823.3	19	-	10244312	10305605	10244312	10305605	41	10244312,10244862,10246381,10246766,10247730,10248477,10249084,10250321,10250691,10251426,10251750,10252673,10254411,10256996,10259529,10260098,10260498,10262043,10262395,10264938,10265231,10265550,10266498,10267036,10270303,10270487,10270663,10271029,10273312,10273971,10277243,10278975,10283735,10284516,10286185,10287937,10290832,10290995,10291423,10292686,10305465	10244407,10245013,10246558,10246993,10247986,10248715,10249311,10250523,10251034,10251615,10251895,10252926,10254693,10257230,10259723,10260363,10260674,10262251,10262553,10265185,10265479,10265762,10266651,10267215,10270473,10270628,10270769,10271124,10273454,10274066,10277391,10279070,10283880,10284611,10286324,10288073,10290940,10291275,10291591,10292783,10305605	nan	DNMT1	nan	nan	0,0,0,0,0,0,0,0,0,0,0,0,0,0,0,0,0,0,0,0,0,0,0,0,0,0,0,0,0,0,0,0,0,0,0,0,0,0,0,0,0
4854	NOTCH3;NM_000435.3	19	-	15271442	15311746	15271442	15311746	33	15271442,15273245,15276148,15276567,15278029,15280866,15281111,15281451,15284848,15288305,15289603,15289805,15290144,15290852,15291461,15291741,15292356,15295075,15295686,15296037,15296267,15297658,15297885,15298661,15299015,15299769,15300053,15302204,15302525,15302740,15303157,15308280,15311568	15272555,15273403,15276356,15276932,15278252,15281011,15281394,15281666,15285241,15288931,15289782,15290123,15290337,15291097,15291669,15292003,15292642,15295291,15295860,15296249,15296520,15297829,15298179,15298835,15299189,15300015,15300269,15302498,15302708,15303139,15303360,15308419,15311746	nan	NOTCH3	nan	nan	0,0,0,0,0,0,0,0,0,0,0,0,0,0,0,0,0,0,0,0,0,0,0,0,0,0,0,0,0,0,0,0,0
83636	C19orf12;NM_001031726.3	19	-	30193588	30205866	30193588	30205866	3	30193588,30199130,30205783	30193914,30199360,30205866	nan	C19orf12	nan	nan	0,0,0
7305	TYROBP;NM_003332.4	19	-	36395440	36399160	36395440	36399160	5	36395440,36398089,36398317,36398601,36399039	36395566,36398196,36398512,36398694,36399160	nan	TYROBP	nan	nan	0,0,0,0,0
478	ATP1A3;NM_152296.5	19	-	42471058	42498258	42471058	42498258	23	42471058,42471370,42471783,42472906,42473556,42474306,42474509,42479750,42480537,42482057,42482272,42482727,42485623,42485843,42486029,42489039,42489427,42489985,42490237,42492057,42492439,42492597,42498192	42471147,42471522,42471945,42473097,42473762,42474490,42474724,42479979,42480748,42482254,42482508,42482980,42485818,42486013,42486288,42489368,42489605,42490180,42490411,42492321,42492559,42492744,42498258	nan	ATP1A3	nan	nan	0,0,0,0,0,0,0,0,0,0,0,0,0,0,0,0,0,0,0,0,0,0,0
2512	FTL;NM_000146.4	19	+	49468734	49470022	49468734	49470022	4	49468734,49468996,49469507,49469809	49468896,49469203,49469693,49470022	nan	FTL	nan	nan	0,0,0,0
3748	KCNC3;NM_004977.3	19	-	50823472	50832369	50823472	50832369	4	50823472,50823819,50826201,50831439	50823636,50824071,50827369,50832369	nan	KCNC3	nan	nan	0,0,0,0
80025	PANK2;NM_153638.3	20	+	3869717	3903971	3869717	3903971	7	3869717,3888542,3891193,3893074,3897543,3899287,3903860	3870405,3888955,3891507,3893311,3897727,3899473,3903971	nan	PANK2	nan	nan	0,0,0,0,0,0,0
5621	PRNP;NM_000311.5	20	+	4679836	4680658	4679836	4680658	1	4679836	4680658	nan	PRNP	nan	nan	0
9217	VAPB;NM_004738.5	20	+	56964485	57019321	56964485	57019321	6	56964485,56993236,57009627,57013970,57015932,57019102	56964603,56993449,57009791,57014111,57016169,57019321	nan	VAPB	nan	nan	0,0,0,0,0,0
80331	DNAJC5;NM_025219.3	20	+	62559668	62562951	62559668	62562951	4	62559668,62560634,62562173,62562787	62559835,62560908,62562405,62562951	nan	DNAJC5	nan	nan	0,0,0,0
351	APP;NM_000484.4	21	-	27253950	27542968	27253950	27542968	18	27253950,27264003,27269854,27277305,27284022,27326873,27327910,27347352,27348236,27354626,27369644,27372299,27394125,27423285,27425521,27462228,27484265,27542851	27254112,27264210,27270015,27277419,27284304,27327033,27328099,27347571,27348371,27354820,27369761,27372527,27394388,27423539,27425694,27462418,27484493,27542968	nan	APP	nan	nan	0,0,0,0,0,0,0,0,0,0,0,0,0,0,0,0,0,0
6647	SOD1;NM_000454.5	21	+	33032052	33040921	33032052	33040921	5	33032052,33036072,33038731,33039540,33040753	33032184,33036229,33038861,33039718,33040921	nan	SOD1	nan	nan	0,0,0,0,0
8867	SYNJ1;NM_003895.3	21	-	34003274	34100381	34003274	34100381	32	34003274,34011187,34011950,34014175,34014374,34015689,34017247,34017925,34018672,34022463,34025567,34028966,34029282,34029995,34037192,34038222,34038712,34042567,34045619,34048611,34050924,34053775,34056317,34058027,34059257,34060585,34066507,34067336,34072117,34074240,34099052,34100226	34004141,34011465,34012119,34014306,34014473,34015797,34017346,34018129,34018942,34022686,34025706,34029242,34029460,34030212,34037411,34038475,34038913,34042712,34045871,34048695,34051141,34053988,34056459,34058257,34059414,34060707,34066651,34067622,34072445,34074387,34099258,34100381	nan	SYNJ1	nan	nan	0,0,0,0,0,0,0,0,0,0,0,0,0,0,0,0,0,0,0,0,0,0,0,0,0,0,0,0,0,0,0,0
400916	CHCHD10;NM_213720.3	22	-	24108163	24110091	24108163	24110091	4	24108163,24108284,24109530,24109990	24108243,24108492,24109810,24110091	nan	CHCHD10	nan	nan	0,0,0,0
25793	FBXO7;NM_012179.4	22	+	32870959	32894547	32870959	32894547	9	32870959,32874937,32879853,32881024,32883701,32887042,32889061,32891449,32894100	32871141,32875292,32880141,32881226,32883845,32887198,32889298,32891547,32894547	nan	FBXO7	nan	nan	0,0,0,0,0,0,0,0,0
8398	PLA2G6;NM_003560.4	22	-	38508137	38565463	38508137	38565463	16	38508137,38508480,38509463,38511503,38512051,38516735,38519071,38522347,38524245,38525430,38528807,38530964,38535958,38539081,38541414,38565194	38508342,38508614,38509691,38511718,38512248,38516946,38519295,38522486,38524467,38525599,38529050,38531121,38536206,38539325,38541690,38565463	nan	PLA2G6	nan	nan	0,0,0,0,0,0,0,0,0,0,0,0,0,0,0,0
5155	PDGFB;NM_002608.4	22	-	39621697	39639998	39621697	39639998	6	39621697,39626058,39627596,39629409,39631752,39639875	39621882,39626263,39627862,39629559,39631909,39639998	nan	PDGFB	nan	nan	0,0,0,0,0,0
410	ARSA;NM_000487.6	22	-	51063542	51066237	51063542	51066237	8	51063542,51063976,51064333,51064551,51064988,51065231,51065563,51065953	51063922,51064139,51064521,51064736,51065218,51065510,51065864,51066237	nan	ARSA	nan	nan	0,0,0,0,0,0,0,0
11152	WDR45;NM_001029896.2	X	-	48932431	48935784	48932431	48935784	10	48932431,48932764,48932992,48933173,48933494,48934058,48934273,48935271,48935465,48935669	48932601,48932970,48933154,48933442,48933634,48934213,48934439,48935436,48935600,48935784	nan	WDR45	nan	nan	0,0,0,0,0,0,0,0,0,0
29978	UBQLN2;NM_013444.4	X	+	56590276	56592211	56590276	56592211	1	56590276	56592211	nan	UBQLN2	nan	nan	0
215	ABCD1;NM_000033.4	X	+	152990691	153009219	152990691	153009219	10	152990691,152994656,153001535,153001768,153002580,153005515,153005997,153008410,153008644,153008912	152991651,152994897,153001738,153001997,153002735,153005721,153006203,153008555,153008830,153009219	nan	ABCD1	nan	nan	0,0,0,0,0,0,0,0,0,0
