#bin	name	chrom	strand	txStart	txEnd	cdsStart	cdsEnd	exonCount	exonStarts	exonSEnds	score	name2	cdsStartStat	cdsEndStat	exonFrames
4914	NTRK1;NM_001012331.1	1	+	156830696	156851464	156830696	156851464	16	156830696,156834115,156834489,156836671,156837865,156838266,156841384,156843394,156844332,156844667,156845281,156845841,156846161,156848883,156849760,156851218	156830968,156834250,156834621,156836800,156838071,156838469,156841577,156843781,156844448,156844830,156845488,156846032,156846394,156849184,156849979,156851464	nan	NTRK1	nan	nan	0,0,0,0,0,0,0,0,0,0,0,0,0,0,0,0
65055	REEP1;NM_022912.3	2	-	86444192	86564663	86444192	86564663	7	86444192,86459717,86479049,86481786,86491057,86509262,86564571	86444263,86459955,86479223,86481967,86491194,86509395,86564663	nan	REEP1	nan	nan	0,0,0,0,0,0,0
547	KIF1A;NM_004321.8	2	-	241656750	241737199	241656750	241737199	46	241656750,241657436,241658392,241659160,241660300,241661193,241661842,241662799,241663361,241664657,241666212,241676449,241679444,241679684,241680655,241682315,241683328,241684813,241685124,241685425,241686622,241689815,241697746,241700051,241700615,241702105,241702405,241702552,241705096,241706301,241706652,241708519,241709013,241710357,241712500,241713569,241715237,241721976,241722430,241723125,241724375,241725721,241726637,241727437,241728622,241737033	241656853,241657615,241658645,241659373,241660485,241661331,241662103,241663005,241663483,241664851,241666387,241676615,241679589,241679811,241680824,241682431,241683507,241684964,241685356,241685624,241686768,241689994,241697944,241700290,241700824,241702259,241702538,241702793,241705240,241706468,241706792,241708655,241709153,241710551,241712703,241713708,241715373,241722054,241722556,241723263,241724547,241725960,241726763,241727677,241728759,241737199	nan	KIF1A	nan	nan	0,0,0,0,0,0,0,0,0,0,0,0,0,0,0,0,0,0,0,0,0,0,0,0,0,0,0,0,0,0,0,0,0,0,0,0,0,0,0,0,0,0,0,0,0,0
26580	BSCL2;NM_032667.6	11	-	62457808	62473014	62457808	62473014	10	62457808,62458053,62458228,62458516,62458721,62459817,62460104,62462009,62469909,62472742	62458023,62458194,62458369,62458643,62458923,62459975,62460299,62462213,62470051,62473014	nan	BSCL2	nan	nan	0,0,0,0,0,0,0,0,0,0
65125	WNK1;NM_213655.4	12	+	862701	1017988	862701	1017988	28	862701,922777,936177,939138,966296,968380,970148,971218,974245,977001,980400,987347,990827,991046,992078,992530,992909,993256,993784,996356,998275,999588,1003697,1005206,1006614,1009611,1016982,1017610	863520,923010,936458,939356,966445,968660,970539,971466,974560,978300,980544,987557,990985,991269,992255,992764,993027,993439,995280,996500,998419,999709,1003831,1005928,1006877,1009866,1017230,1017988	nan	WNK1	nan	nan	0,0,0,0,0,0,0,0,0,0,0,0,0,0,0,0,0,0,0,0,0,0,0,0,0,0,0,0
121512	FGD4;NM_001304481.1	12	+	32639037	32793497	32639037	32793497	17	32639037,32717040,32729169,32734863,32751400,32754181,32755064,32760860,32763679,32764040,32772601,32777325,32777879,32778557,32786452,32791558,32793179	32639107,32717253,32729413,32735431,32751550,32754387,32755281,32761059,32763798,32764247,32772834,32777416,32778032,32778743,32786653,32791759,32793497	nan	FGD4	nan	nan	0,0,0,0,0,0,0,0,0,0,0,0,0,0,0,0,0
51062	ATL1;NM_001127713.1	14	+	51026953	51099087	51026953	51099087	13	51026953,51054518,51057628,51058222,51060533,51062263,51079946,51081060,51087286,51088530,51089864,51094718,51098916	51027047,51054826,51057823,51058387,51060644,51062380,51080099,51081259,51087474,51088647,51089996,51095210,51099087	nan	ATL1	nan	nan	0,0,0,0,0,0,0,0,0,0,0,0,0
1785	DNM2;NM_001005361.3	19	+	10828888	10941753	10828888	10941753	21	10828888,10870383,10883124,10886348,10887763,10893605,10897209,10904365,10906017,10908025,10909131,10912933,10916561,10919214,10922909,10930625,10934433,10935702,10939681,10940772,10941623	10829109,10870517,10883334,10886612,10887922,10893826,10897412,10904561,10906145,10908224,10909278,10913064,10916673,10919286,10923083,10930795,10934605,10935927,10939974,10941084,10941753	nan	DNM2	nan	nan	0,0,0,0,0,0,0,0,0,0,0,0,0,0,0,0,0,0,0,0,0
57716	PRX;NM_181882.3	19	-	40899842	40913869	40899842	40913869	4	40899842,40904496,40909582,40913782	40903907,40904753,40909799,40913869	nan	PRX	nan	nan	0,0,0,0
