#bin	name	chrom	strand	txStart	txEnd	cdsStart	cdsEnd	exonCount	exonStarts	exonSEnds	score	name2	cdsStartStat	cdsEndStat	exonFrames
2153	F5;NM_000130.5	1	-	169483540	169555729	169483540	169555729	25	169483540,169484671,169487639,169489747,169492424,169493028,169494064,169495128,169497142,169498835,169500013,169505733,169509521,169513523,169515669,169519028,169519867,169521784,169524409,169525873,169528380,169529781,169541448,169551658,169555456	169483707,169484874,169487811,169489912,169492600,169493152,169494156,169495265,169497342,169499066,169500270,169505928,169512362,169513756,169515840,169519263,169519987,169521982,169524595,169526115,169528544,169530014,169541591,169551770,169555729	nan	F5	nan	nan	0,0,0,0,0,0,0,0,0,0,0,0,0,0,0,0,0,0,0,0,0,0,0,0,0
90411	MCFD2;NM_139279.6	2	-	47132591	47142955	47132591	47142955	4	47132591,47134938,47136151,47142851	47132743,47135118,47136326,47142955	nan	MCFD2	nan	nan	0,0,0,0
2677	GGCX;NM_000821.7	2	-	85777046	85788626	85777046	85788626	15	85777046,85777667,85778037,85778592,85778924,85779528,85780051,85780344,85781255,85782596,85783294,85785552,85786029,85787927,85788498	85777259,85777883,85778205,85778743,85779114,85779700,85780203,85780630,85781439,85782723,85783393,85785738,85786208,85788118,85788626	nan	GGCX	nan	nan	0,0,0,0,0,0,0,0,0,0,0,0,0,0,0
5627	PROS1;NM_000313.4	3	-	93593078	93692750	93593078	93692750	15	93593078,93595799,93597996,93603561,93605169,93611766,93615409,93617281,93619637,93624617,93624854,93629452,93643073,93646083,93692507	93593259,93596045,93598168,93603750,93605357,93611976,93615545,93617423,93619783,93624769,93624997,93629559,93643118,93646261,93692750	nan	PROS1	nan	nan	0,0,0,0,0,0,0,0,0,0,0,0,0,0,0
2160	F11;NM_000128.4	4	+	187187332	187209778	187187332	187209778	15	187187332,187188279,187192752,187194214,187195259,187196930,187197374,187201155,187201366,187201617,187205235,187206781,187207558,187208827,187209596	187187459,187188355,187192935,187194341,187195439,187197060,187197554,187201285,187201549,187201744,187205424,187206977,187207674,187208987,187209778	nan	F11	nan	nan	0,0,0,0,0,0,0,0,0,0,0,0,0,0,0
2162	F13A1;NM_000129.4	6	-	6145841	6320905	6145841	6320905	15	6145841,6152035,6167680,6174802,6182210,6196019,6197445,6222255,6224908,6248534,6251033,6266780,6305573,6318757,6320809	6146015,6152192,6167861,6175110,6182384,6196128,6197569,6222414,6225103,6248662,6251172,6267052,6305782,6318925,6320905	nan	F13A1	nan	nan	0,0,0,0,0,0,0,0,0,0,0,0,0,0,0
22852	ANKRD26;NM_014915.3	10	-	27294508	27389433	27294508	27389433	34	27294508,27295835,27301800,27303412,27306420,27311476,27313365,27317770,27318204,27322143,27323714,27326104,27326789,27328883,27332344,27333075,27335271,27337719,27342238,27349263,27349430,27350062,27352906,27355405,27356075,27366256,27366551,27368007,27371721,27375457,27381324,27382267,27382603,27389003	27294662,27295901,27302049,27303650,27306731,27311626,27313498,27317884,27318295,27322316,27324691,27326262,27326993,27329117,27332506,27333129,27335462,27337918,27342329,27349356,27349479,27350181,27353020,27355487,27356225,27366479,27366632,27368100,27371772,27375548,27381451,27382461,27382738,27389433	nan	ANKRD26	nan	nan	0,0,0,0,0,0,0,0,0,0,0,0,0,0,0,0,0,0,0,0,0,0,0,0,0,0,0,0,0,0,0,0,0,0
7450	VWF;NM_000552.5	12	-	6058170	6233846	6058170	6233846	52	6058170,6058941,6060999,6061546,6062651,6076641,6077282,6078366,6080754,6085266,6090941,6092305,6094200,6094718,6100974,6103017,6103570,6105157,6120772,6121242,6122636,6125244,6125671,6125909,6127520,6131055,6131895,6132786,6134735,6135061,6138497,6140599,6143843,6145543,6153446,6155878,6161698,6166012,6167004,6172109,6173401,6174292,6180452,6181486,6182774,6184490,6204615,6219529,6220021,6230329,6232297,6233576	6058379,6059059,6061059,6061695,6062770,6076778,6077343,6078567,6080885,6085436,6091167,6092430,6094295,6094841,6101194,6103379,6103783,6105398,6120970,6121306,6122821,6125408,6125832,6126046,6128919,6131211,6132074,6132963,6134869,6135222,6138664,6140754,6144002,6145667,6153627,6155993,6161959,6166248,6167220,6172230,6173560,6174449,6180519,6181618,6182917,6184727,6204760,6219758,6220144,6230514,6232372,6233846	nan	VWF	nan	nan	0,0,0,0,0,0,0,0,0,0,0,0,0,0,0,0,0,0,0,0,0,0,0,0,0,0,0,0,0,0,0,0,0,0,0,0,0,0,0,0,0,0,0,0,0,0,0,0,0,0,0,0
2157	F8;NM_000132.4	X	-	154065861	154251008	154065861	154251008	26	154065861,154088696,154089982,154091347,154124341,154128130,154129635,154130315,154132170,154132560,154133075,154134684,154156835,154175962,154182156,154185221,154189339,154194234,154194690,154197595,154212951,154215501,154221200,154225237,154227743,154250674	154066037,154088893,154090151,154091512,154124517,154128236,154129727,154130452,154132373,154132809,154133308,154134858,154159961,154176192,154182327,154185456,154189453,154194426,154194972,154197837,154213088,154215590,154221433,154225380,154227885,154251008	nan	F8	nan	nan	0,0,0,0,0,0,0,0,0,0,0,0,0,0,0,0,0,0,0,0,0,0,0,0,0,0
