#bin	name	chrom	strand	txStart	txEnd	cdsStart	cdsEnd	exonCount	exonStarts	exonSEnds	score	name2	cdsStartStat	cdsEndStat	exonFrames
55187	VPS13D;NM_015378.4	1	+	12294293	12569108	12294293	12569108	69	12294293,12302539,12304272,12304563,12309249,12313748,12316359,12317013,12317961,12320719,12320974,12321927,12326907,12327871,12328732,12331020,12333029,12335851,12339525,12342731,12348249,12351024,12353550,12359228,12364532,12368457,12371480,12371839,12374141,12378098,12379523,12381835,12382562,12383732,12387674,12389855,12393252,12395731,12398257,12401806,12402925,12405400,12406631,12408849,12409190,12414000,12415925,12416424,12418484,12422745,12423097,12428492,12429491,12433774,12438451,12439511,12443004,12445288,12446213,12460207,12461630,12463847,12475109,12476682,12516023,12520225,12557523,12566876,12568916	12294450,12302677,12304523,12304704,12309426,12313913,12316590,12317174,12318190,12320881,12321236,12322167,12327098,12328007,12328963,12331211,12333222,12338125,12339737,12343823,12348400,12351211,12353791,12359471,12364815,12368728,12371712,12372012,12374414,12378424,12379717,12382051,12382833,12383867,12387941,12390005,12393453,12395914,12398392,12401972,12403138,12405596,12406739,12409060,12409461,12414308,12416177,12416611,12418687,12422936,12423333,12428676,12429787,12433943,12438675,12439680,12443244,12445462,12446423,12460417,12461787,12464056,12475304,12476910,12516216,12520481,12557715,12567177,12569108	nan	VPS13D	nan	nan	0,0,0,0,0,0,0,0,0,0,0,0,0,0,0,0,0,0,0,0,0,0,0,0,0,0,0,0,0,0,0,0,0,0,0,0,0,0,0,0,0,0,0,0,0,0,0,0,0,0,0,0,0,0,0,0,0,0,0,0,0,0,0,0,0,0,0,0,0
23400	ATP13A2;NM_022089.4	1	-	17312685	17338263	17312685	17338263	29	17312685,17312927,17313269,17313510,17314602,17314786,17316155,17316351,17316591,17318198,17318473,17318707,17318950,17320093,17322440,17322718,17322850,17323484,17326475,17326710,17326864,17328498,17328760,17330796,17331156,17331478,17331838,17332148,17338193	17312883,17313157,17313481,17313794,17314759,17314999,17316295,17316528,17316812,17318383,17318654,17318927,17319106,17320360,17322689,17322825,17323021,17323700,17326667,17326837,17327059,17328628,17328898,17330936,17331346,17331597,17332081,17332303,17338263	nan	ATP13A2	nan	nan	0,0,0,0,0,0,0,0,0,0,0,0,0,0,0,0,0,0,0,0,0,0,0,0,0,0,0,0,0
65018	PINK1;NM_032409.3	1	+	20960011	20977214	20960011	20977214	8	20960011,20964304,20966354,20970952,20972022,20974967,20975457,20976896	20960458,20964652,20966515,20971195,20972246,20975155,20975754,20977214	nan	PINK1	nan	nan	0,0,0,0,0,0,0,0
51102	MECR;NM_016011.5	1	-	29520503	29557448	29520503	29557448	10	29520503,29522422,29522679,29526997,29528424,29529612,29533243,29542486,29543069,29557212	29520721,29522555,29522800,29527131,29528587,29529775,29533447,29542678,29543227,29557448	nan	MECR	nan	nan	0,0,0,0,0,0,0,0,0,0
3208	HPCA;NM_002143.3	1	+	33354469	33359493	33354469	33359493	3	33354469,33359094,33359335	33354907,33359260,33359493	nan	HPCA	nan	nan	0,0,0
6513	SLC2A1;NM_006516.4	1	-	43392681	43424352	43392681	43424352	10	43392681,43393245,43394572,43394850,43395233,43395513,43396266,43396686,43408866,43424274	43392942,43393509,43394734,43395015,43395481,43395736,43396567,43396907,43409022,43424352	nan	SLC2A1	nan	nan	0,0,0,0,0,0,0,0,0,0
103	ADAR;NM_001111.5	1	-	154557251	154580512	154557251	154580512	15	154557251,154557662,154558198,154558626,154560570,154560996,154561814,154562202,154562629,154569250,154569568,154570273,154570847,154573486,154580437	154557549,154557850,154558371,154558869,154560764,154561179,154561968,154562434,154562915,154569501,154569773,154570482,154571091,154575132,154580512	nan	ADAR	nan	nan	0,0,0,0,0,0,0,0,0,0,0,0,0,0,0
2629	GBA;NM_000157.4	1	-	155204755	155210933	155204755	155210933	11	155204755,155204955,155205441,155206005,155207101,155207894,155208277,155209376,155209646,155210390,155210846	155204921,155205132,155205665,155206290,155207399,155208127,155208471,155209583,155209898,155210538,155210933	nan	GBA	nan	nan	0,0,0,0,0,0,0,0,0,0,0
477	ATP1A2;NM_000702.4	1	+	160085621	160111142	160085621	160111142	23	160085621,160090665,160090951,160092972,160093702,160094055,160094895,160097311,160098411,160098739,160099025,160099861,160100181,160104243,160104904,160105193,160105598,160106006,160106329,160106660,160109399,160109652,160111053	160085693,160090830,160091071,160093236,160093876,160094250,160095073,160097640,160098670,160098909,160099220,160100111,160100417,160104440,160105115,160105422,160105813,160106190,160106535,160106851,160109561,160109804,160111142	nan	ATP1A2	nan	nan	0,0,0,0,0,0,0,0,0,0,0,0,0,0,0,0,0,0,0,0,0,0,0
55532	SLC30A10;NM_018713.3	1	-	220088760	220101812	220088760	220101812	4	220088760,220091566,220100339,220101112	220089320,220091866,220100477,220101812	nan	SLC30A10	nan	nan	0,0,0,0
57165	GJC2;NM_020435.4	1	+	228345429	228346809	228345429	228346809	1	228345429	228346809	nan	GJC2	nan	nan	0
10128	LRPPRC;NM_133259.4	2	-	44115708	44223116	44115708	44223116	38	44115708,44116842,44121653,44123742,44126327,44126574,44128428,44132800,44139540,44145133,44145364,44152175,44153001,44161298,44161862,44170795,44172440,44173221,44174365,44174839,44175230,44175520,44176710,44177681,44184493,44187649,44190696,44200715,44200903,44201258,44201722,44202199,44203251,44204102,44204263,44206934,44209346,44222907	44115825,44117045,44121798,44123877,44126503,44126774,44128693,44132949,44139727,44145302,44145567,44152326,44153130,44161465,44162047,44171063,44172586,44173412,44174539,44174944,44175368,44175687,44176828,44177769,44184620,44187803,44190875,44200883,44201069,44201464,44201927,44202386,44203398,44204221,44204445,44207117,44209603,44223116	nan	LRPPRC	nan	nan	0,0,0,0,0,0,0,0,0,0,0,0,0,0,0,0,0,0,0,0,0,0,0,0,0,0,0,0,0,0,0,0,0,0,0,0,0,0
6697	SPR;NM_003124.5	2	+	73114531	73118696	73114531	73118696	3	73114531,73115412,73118445	73114895,73115763,73118696	nan	SPR	nan	nan	0,0,0
27429	HTRA2;NM_013247.5	2	+	74757103	74760142	74757103	74760142	8	74757103,74757713,74758007,74758435,74758693,74758952,74759715,74759916	74757669,74757978,74758262,74758528,74758859,74759082,74759871,74760142	nan	HTRA2	nan	nan	0,0,0,0,0,0,0,0
785	CACNB4;NM_000726.5	2	-	152695602	152955555	152695602	152955555	14	152695602,152698386,152709931,152711707,152717194,152725660,152727014,152727325,152728900,152732909,152737283,152739734,152954813,152955432	152695923,152698632,152710087,152711919,152717364,152725779,152727155,152727405,152729037,152733100,152737466,152739914,152954957,152955555	nan	CACNB4	nan	nan	0,0,0,0,0,0,0,0,0,0,0,0,0,0
64135	IFIH1;NM_022168.4	2	-	163123679	163174847	163123679	163174847	16	163123679,163123958,163124566,163128705,163130274,163133166,163133894,163134684,163136475,163137807,163138845,163144614,163150043,163163188,163167244,163174334	163123919,163124109,163124817,163128927,163130484,163133486,163134233,163134868,163136652,163138085,163139116,163144895,163150208,163163395,163167473,163174847	nan	IFIH1	nan	nan	0,0,0,0,0,0,0,0,0,0,0,0,0,0,0,0
80067	DCAF17;NM_025000.4	2	+	172291057	172337654	172291057	172337654	14	172291057,172291562,172300002,172305160,172306358,172309603,172314450,172314851,172325367,172330345,172333339,172334466,172336517,172337453	172291243,172291726,172300153,172305357,172306497,172309753,172314615,172315017,172325570,172330515,172333490,172334610,172336733,172337654	nan	DCAF17	nan	nan	0,0,0,0,0,0,0,0,0,0,0,0,0,0
8575	PRKRA;NM_003690.5	2	-	179296793	179315787	179296793	179315787	8	179296793,179300841,179306306,179307963,179309118,179312201,179314938,179315662	179297011,179301076,179306461,179308141,179309257,179312343,179315168,179315787	nan	PRKRA	nan	nan	0,0,0,0,0,0,0,0
26275	HIBCH;NM_014362.4	2	-	191069812	191184506	191069812	191184506	14	191069812,191073575,191077651,191109582,191110849,191114335,191116857,191125851,191152281,191155100,191159241,191161508,191175449,191184411	191069988,191073669,191077831,191109724,191110968,191114482,191117063,191125990,191152394,191155241,191159386,191161709,191175552,191184506	nan	HIBCH	nan	nan	0,0,0,0,0,0,0,0,0,0,0,0,0,0
3329	HSPD1;NM_002156.5	2	-	198351739	198363602	198351739	198363602	11	198351739,198352551,198353010,198353695,198354890,198358017,198358850,198359350,198359987,198361833,198363368	198351952,198352790,198353245,198354001,198355050,198358246,198359004,198359506,198360130,198362146,198363602	nan	HSPD1	nan	nan	0,0,0,0,0,0,0,0,0,0,0
92935	MARS2;NM_138395.4	2	+	198570099	198571941	198570099	198571941	1	198570099	198571941	nan	MARS2	nan	nan	0
4719	NDUFS1;NM_005006.7	2	-	206988878	207018432	206988878	207018432	18	206988878,206991232,206991403,206992490,206994781,206997638,207003178,207006634,207007379,207008711,207009585,207011596,207012224,207012446,207013713,207014511,207017112,207018311	206989030,206991365,206991598,206992726,206994996,206997859,207003368,207006823,207007585,207008886,207009780,207011842,207012415,207012588,207013850,207014679,207017264,207018432	nan	NDUFS1	nan	nan	0,0,0,0,0,0,0,0,0,0,0,0,0,0,0,0,0,0
25953	PNKD;NM_015488.5	2	+	219135228	219209734	219135228	219209734	10	219135228,219136073,219204475,219204721,219205420,219206226,219206673,219208192,219209147,219209500	219135355,219136302,219204651,219204894,219205539,219206379,219206897,219208339,219209323,219209734	nan	PNKD	nan	nan	0,0,0,0,0,0,0,0,0,0
617	BCS1L;NM_004328.5	2	+	219525680	219528139	219525680	219528139	7	219525680,219526098,219526451,219526889,219527202,219527575,219527826	219526060,219526298,219526706,219527013,219527432,219527753,219528139	nan	BCS1L	nan	nan	0,0,0,0,0,0,0
80704	SLC19A3;NM_025243.4	2	-	228552082	228567064	228552082	228567064	5	228552082,228552851,228560574,228563421,228566854	228552319,228553053,228560827,228564310,228567064	nan	SLC19A3	nan	nan	0,0,0,0,0
1293	COL6A3;NM_004369.4	2	-	238233386	238305490	238233386	238305490	43	238233386,238234172,238242062,238243238,238244747,238247627,238249064,238250677,238252962,238253553,238253670,238253793,238255115,238256419,238256961,238257225,238258759,238259742,238261134,238261953,238263511,238265950,238266429,238267133,238267647,238267818,238267974,238268700,238269733,238270351,238271865,238272962,238274310,238275299,238277175,238280344,238283024,238285384,238287248,238289527,238296194,238303199,238305339	238233487,238234397,238242221,238243562,238245205,238247790,238249823,238250834,238253516,238253625,238253767,238253886,238255238,238256542,238257057,238257336,238258882,238259865,238261257,238262076,238263607,238266064,238266555,238267256,238267761,238267923,238268061,238268832,238269847,238270504,238272071,238273101,238274708,238275959,238277850,238281010,238283693,238286017,238287908,238290172,238296857,238303877,238305490	nan	COL6A3	nan	nan	0,0,0,0,0,0,0,0,0,0,0,0,0,0,0,0,0,0,0,0,0,0,0,0,0,0,0,0,0,0,0,0,0,0,0,0,0,0,0,0,0,0,0
4705	NDUFA10;NM_004544.4	2	-	240900504	240964748	240900504	240964748	10	240900504,240929460,240944596,240946702,240951003,240954125,240957939,240960583,240961558,240964613	240900633,240929629,240944742,240946817,240951143,240954307,240958086,240960859,240961787,240964748	nan	NDUFA10	nan	nan	0,0,0,0,0,0,0,0,0,0
55768	NGLY1;NM_018297.4	3	-	25760920	25824911	25760920	25824911	12	25760920,25761474,25770593,25773779,25775332,25777464,25778794,25781037,25792558,25805526,25820034,25824720	25761156,25761712,25770839,25774004,25775503,25777670,25778976,25781320,25792784,25805832,25820209,25824911	nan	NGLY1	nan	nan	0,0,0,0,0,0,0,0,0,0,0,0
2720	GLB1;NM_000404.4	3	-	33038506	33138607	33038506	33138607	16	33038506,33055517,33058170,33059909,33063027,33065712,33087581,33093219,33093344,33094952,33099550,33106924,33109691,33110281,33114005,33138472	33038866,33055832,33058362,33060083,33063177,33065847,33087754,33093320,33093526,33095071,33099791,33107079,33109812,33110492,33114235,33138607	nan	GLB1	nan	nan	0,0,0,0,0,0,0,0,0,0,0,0,0,0,0,0
11277	TREX1;NM_033629.6	3	+	48508024	48509029	48508024	48509029	1	48508024	48509029	nan	TREX1	nan	nan	0
111	ADCY5;NM_183357.3	3	-	123003424	123167422	123003424	123167422	21	123003424,123005501,123008566,123009929,123014900,123016169,123018936,123021871,123022883,123033051,123036836,123038490,123039565,123044138,123046434,123047460,123049705,123051380,123066598,123071248,123166228	123003613,123005686,123008831,123010253,123015093,123016259,123019172,123022096,123023060,123033199,123036994,123038695,123039648,123044339,123046636,123047679,123049893,123051552,123066780,123071458,123167422	nan	ADCY5	nan	nan	0,0,0,0,0,0,0,0,0,0,0,0,0,0,0,0,0,0,0,0,0
5096	PCCB;NM_000532.5	3	+	135969187	136048898	135969187	136048898	15	135969187,135974667,135975366,135979290,135980763,136002648,136012567,136016763,136019841,136035752,136045614,136045966,136046445,136047569,136048716	135969430,135974847,135975495,135979407,135980937,136002819,136012736,136016944,136019983,136035936,136045782,136046127,136046604,136047729,136048898	nan	PCCB	nan	nan	0,0,0,0,0,0,0,0,0,0,0,0,0,0,0
5860	QDPR;NM_000320.3	4	-	17488723	17513707	17488723	17513707	7	17488723,17492254,17493824,17503311,17505971,17510863,17513542	17488889,17492398,17493993,17503512,17506128,17511016,17513707	nan	QDPR	nan	nan	0,0,0,0,0,0,0
6531	SLC6A3;NM_001044.5	5	-	1394819	1443342	1394819	1443342	14	1394819,1400999,1403006,1406272,1409110,1409805,1411327,1414775,1416182,1420653,1421960,1432548,1441443,1442996	1394903,1401131,1403234,1406433,1409270,1409994,1411500,1414960,1416346,1420848,1422159,1432843,1441635,1443342	nan	SLC6A3	nan	nan	0,0,0,0,0,0,0,0,0,0,0,0,0,0
4724	NDUFS4;NM_002495.4	5	+	52856462	52979081	52856462	52979081	5	52856462,52899251,52942032,52954350,52978917	52856620,52899390,52942265,52954484,52979081	nan	NDUFS4	nan	nan	0,0,0,0,0
57688	ZSWIM6;NM_020928.2	5	+	60628069	60840174	60628069	60840174	14	60628069,60768477,60786582,60790056,60817059,60821596,60822046,60825848,60827261,60831280,60834610,60835392,60837680,60839251	60628805,60768894,60786791,60790267,60817299,60821833,60822253,60826055,60827582,60831476,60834828,60835616,60837822,60840174	nan	ZSWIM6	nan	nan	0,0,0,0,0,0,0,0,0,0,0,0,0,0
100506658	OCLN;NM_002538.4	5	+	68800041	68849528	68800041	68849528	8	68800041,68804937,68809744,68830490,68840700,68843726,68847340,68849366	68800151,68805676,68809966,68830696,68840976,68843958,68847442,68849528	nan	OCLN	nan	nan	0,0,0,0,0,0,0,0
2760	GM2A;NM_000405.5	5	+	150632747	150647042	150632747	150647042	4	150632747,150639285,150646261,150646826	150632888,150639507,150646504,150647042	nan	GM2A	nan	nan	0,0,0,0
2741	GLRA1;NM_001146040.2	5	-	151202203	151304140	151202203	151304140	9	151202203,151208451,151230920,151234570,151235831,151239315,151266251,151271841,151304024	151202578,151208658,151231195,151234768,151235974,151239599,151266379,151272029,151304140	nan	GLRA1	nan	nan	0,0,0,0,0,0,0,0,0
54676	GTPBP2;NM_019096.5	6	-	43589320	43596929	43589320	43596929	12	43589320,43589709,43590339,43591443,43591639,43592216,43592594,43593069,43593462,43593932,43594628,43596683	43589557,43589934,43590571,43591562,43591835,43592496,43592829,43593327,43593631,43594177,43594715,43596929	nan	GTPBP2	nan	nan	0,0,0,0,0,0,0,0,0,0,0,0
84947	SERAC1;NM_032861.4	6	-	158532367	158579425	158532367	158579425	16	158532367,158534450,158535790,158537186,158538728,158540030,158541426,158549109,158551374,158564057,158565300,158567783,158569866,158571454,158576316,158579274	158532564,158534654,158536033,158537344,158538883,158540232,158541637,158549332,158551548,158564246,158565482,158567975,158570016,158571651,158576413,158579425	nan	SERAC1	nan	nan	0,0,0,0,0,0,0,0,0,0,0,0,0,0,0,0
5071	PRKN;NM_004562.3	6	-	161771100	163148730	161771100	163148730	12	161771100,161781089,161807795,161969855,161990356,162206773,162394303,162475092,162622132,162683526,162864311,163148663	161771273,161781267,161807939,161970065,161990478,162206970,162394479,162475236,162622314,162683827,162864535,163148730	nan	PRKN	nan	nan	0,0,0,0,0,0,0,0,0,0,0,0
10846	PDE10A;NM_001130690.3	6	-	165746483	166075531	165746483	166075531	22	165746483,165749581,165752736,165756849,165792652,165801756,165806104,165808639,165809775,165826958,165829646,165832092,165842115,165843744,165844879,165846431,165848694,165862385,165863699,165895772,165956897,166075404	165746646,165749730,165752877,165757021,165792885,165801972,165806315,165808783,165809978,165827205,165829799,165832295,165842227,165843863,165844990,165846647,165848895,165862495,165863880,165895861,165957086,166075531	nan	PDE10A	nan	nan	0,0,0,0,0,0,0,0,0,0,0,0,0,0,0,0,0,0,0,0,0,0
8635	RNASET2;NM_003730.6	6	-	167343045	167369700	167343045	167369700	9	167343045,167344501,167347548,167352352,167356476,167360139,167362027,167365945,167369554	167343309,167344636,167347654,167352526,167356607,167360257,167362143,167366066,167369700	nan	RNASET2	nan	nan	0,0,0,0,0,0,0,0,0
60	ACTB;NM_001101.5	7	-	5567348	5569318	5567348	5569318	5	5567348,5567604,5567881,5568761,5569135	5567552,5567846,5568380,5569061,5569318	nan	ACTB	nan	nan	0,0,0,0,0
1644	DDC;NM_001082971.2	7	-	50530898	50611813	50530898	50611813	13	50530898,50534881,50537740,50544291,50547454,50563017,50566815,50571660,50595804,50596875,50605527,50607582,50611552	50531159,50535043,50537899,50544371,50547591,50563145,50566970,50571787,50596008,50597070,50605707,50607756,50611813	nan	DDC	nan	nan	0,0,0,0,0,0,0,0,0,0,0,0,0
8910	SGCE;NM_003919.3	7	-	94214780	94285440	94214780	94285440	11	94214780,94217970,94228056,94228978,94229927,94232571,94248039,94252606,94257483,94259000,94285271	94214857,94218074,94228305,94229065,94230199,94232794,94248298,94252739,94257701,94259183,94285440	nan	SGCE	nan	nan	0,0,0,0,0,0,0,0,0,0,0
1738	DLD;NM_000108.5	7	+	107531665	107559734	107531665	107559734	14	107531665,107533614,107542152,107542739,107543892,107545372,107545775,107546681,107555920,107557208,107557687,107558338,107559424,107559608	107531764,107533753,107542292,107542868,107544022,107545533,107545979,107546843,107556171,107557439,107557937,107558536,107559574,107559734	nan	DLD	nan	nan	0,0,0,0,0,0,0,0,0,0,0,0,0,0
27010	TPK1;NM_022445.4	7	-	144150607	144532725	144150607	144532725	8	144150607,144245553,144288485,144320228,144345869,144379971,144462942,144532622	144150786,144245725,144288692,144320384,144346002,144380101,144463074,144532725	nan	TPK1	nan	nan	0,0,0,0,0,0,0,0
23516	SLC39A14;NM_001128431.4	8	+	22262193	22277241	22262193	22277241	8	22262193,22265792,22269519,22272262,22273251,22273555,22275133,22277034	22262523,22266039,22269749,22272445,22273500,22273823,22275378,22277241	nan	SLC39A14	nan	nan	0,0,0,0,0,0,0,0
6575	SLC20A2;NM_006749.5	8	-	42275290	42329938	42275290	42329938	10	42275290,42286245,42287551,42294476,42296937,42302133,42317383,42320492,42323264,42329589	42275515,42286390,42287797,42295125,42297201,42302310,42317540,42320638,42323465,42329938	nan	SLC20A2	nan	nan	0,0,0,0,0,0,0,0,0,0
55145	THAP1;NM_018105.3	8	-	42693074	42698267	42693074	42698267	3	42693074,42694298,42698136	42693509,42694554,42698267	nan	THAP1	nan	nan	0,0,0
137682	NDUFAF6;NM_152416.4	8	+	96037206	96070195	96037206	96070195	9	96037206,96044192,96047651,96053767,96057742,96059191,96060654,96064371,96070006	96037463,96044352,96047834,96053884,96057905,96059385,96060816,96064488,96070195	nan	NDUFAF6	nan	nan	0,0,0,0,0,0,0,0,0
203228	C9orf72;NM_001256054.2	9	-	27548203	27567148	27548203	27567148	10	27548203,27548524,27550617,27556528,27558458,27560194,27561552,27562348,27565498,27566644	27548450,27548694,27550735,27556824,27558635,27560327,27561677,27562504,27565618,27567148	nan	C9orf72	nan	nan	0,0,0,0,0,0,0,0,0,0
54840	APTX;NM_175073.2	9	-	32973465	32989919	32973465	32989919	7	32973465,32974425,32984598,32985938,32987511,32988046,32989726	32973680,32974589,32984885,32986058,32987870,32988157,32989919	nan	APTX	nan	nan	0,0,0,0,0,0,0
2395	FXN;NM_000144.5	9	+	71650668	71687708	71650668	71687708	5	71650668,71661270,71668025,71679823,71687497	71650893,71661428,71668206,71679981,71687708	nan	FXN	nan	nan	0,0,0,0,0
23230	VPS13A;NM_015186.3	9	+	79792590	79999629	79792590	79999629	69	79792590,79814830,79816250,79820198,79820863,79824308,79825501,79827854,79828119,79829214,79834839,79835162,79836070,79840811,79841351,79842276,79843007,79852887,79853157,79862144,79864982,79867120,79874971,79888165,79890383,79890950,79895044,79896752,79897006,79898240,79898432,79908226,79910427,79917800,79922830,79928877,79929380,79930138,79931059,79932491,79933120,79934457,79936054,79936376,79937952,79946895,79952140,79954401,79955063,79955289,79959038,79959894,79966202,79968294,79971599,79972577,79973242,79974218,79975421,79980345,79981612,79982940,79984184,79985142,79985300,79985775,79985911,79996861,79999470	79792750,79814934,79816353,79820354,79821025,79824478,79825621,79827974,79828260,79829332,79835027,79835329,79836302,79840934,79841544,79842431,79843210,79853137,79853332,79862341,79865175,79867298,79875170,79888310,79890598,79891167,79895184,79896872,79897220,79898417,79898596,79908454,79910792,79918008,79923044,79929065,79929610,79930416,79931352,79932644,79933537,79934619,79936273,79936692,79938173,79947059,79952483,79954857,79955228,79955496,79959227,79960088,79966392,79968587,79971813,79972784,79973384,79974348,79975587,79980519,79981818,79983082,79984358,79985278,79985524,79985881,79986095,79997033,79999629	nan	VPS13A	nan	nan	0,0,0,0,0,0,0,0,0,0,0,0,0,0,0,0,0,0,0,0,0,0,0,0,0,0,0,0,0,0,0,0,0,0,0,0,0,0,0,0,0,0,0,0,0,0,0,0,0,0,0,0,0,0,0,0,0,0,0,0,0,0,0,0,0,0,0,0,0
1861	TOR1A;NM_000113.3	9	-	132576220	132586394	132576220	132586394	5	132576220,132580768,132580993,132584829,132586156	132576531,132580956,132581229,132585155,132586394	nan	TOR1A	nan	nan	0,0,0,0,0
23064	SETX;NM_015046.7	9	-	135139595	135224845	135139595	135224845	24	135139595,135144971,135147066,135150612,135152416,135153426,135156823,135158620,135161779,135163592,135163906,135171228,135172243,135173436,135175986,135187113,135201680,135206408,135206633,135209964,135211652,135218046,135221617,135224608	135140402,135145119,135147225,135150837,135152569,135153674,135156991,135158830,135161911,135163768,135164068,135171445,135172471,135173729,135176220,135187273,135205916,135206556,135206865,135210144,135211932,135218216,135221888,135224845	nan	SETX	nan	nan	0,0,0,0,0,0,0,0,0,0,0,0,0,0,0,0,0,0,0,0,0,0,0,0
6834	SURF1;NM_003172.4	9	-	136218737	136223359	136218737	136223359	9	136218737,136218885,136219270,136219518,136220573,136221483,136221648,136223093,136223245	136218867,136219027,136219493,136219651,136220825,136221626,136221842,136223205,136223359	nan	SURF1	nan	nan	0,0,0,0,0,0,0,0,0
56521	DNAJC12;NM_021800.3	10	-	69556843	69597799	69556843	69597799	5	69556843,69565310,69571251,69583041,69597661	69556998,69565575,69571451,69583180,69597799	nan	DNAJC12	nan	nan	0,0,0,0,0
3778	KCNMA1;NM_001161352.2	10	-	78646993	79397430	78646993	79397430	28	78646993,78649178,78651252,78669693,78674663,78704500,78708869,78713528,78729701,78761134,78771694,78778740,78787550,78799255,78832824,78839208,78844364,78846215,78850127,78868208,78869900,78872094,78880700,78943148,78944550,79010922,79163589,79396992	78647303,78649357,78651507,78669884,78674837,78704753,78709154,78713712,78729855,78761368,78771831,78778887,78787679,78799425,78833040,78839338,78844507,78846381,78850298,78868360,78870131,78872230,78880836,78943320,78944704,79011044,79163811,79397430	nan	KCNMA1	nan	nan	0,0,0,0,0,0,0,0,0,0,0,0,0,0,0,0,0,0,0,0,0,0,0,0,0,0,0,0
11128	POLR3A;NM_007055.4	10	-	79737205	79789195	79737205	79789195	31	79737205,79739868,79741155,79741881,79742380,79743647,79743932,79744897,79745630,79745800,79750781,79752924,79759708,79760703,79761924,79764443,79767429,79769264,79769591,79770198,79773377,79777302,79778889,79781273,79781587,79781872,79784276,79784698,79785349,79785821,79789091	79737414,79740061,79741347,79742106,79742605,79743800,79744086,79745128,79745773,79745947,79750955,79753155,79759906,79760882,79762096,79764676,79767654,79769463,79769779,79770328,79773578,79777504,79779053,79781470,79781810,79782172,79784491,79784930,79785547,79786017,79789195	nan	POLR3A	nan	nan	0,0,0,0,0,0,0,0,0,0,0,0,0,0,0,0,0,0,0,0,0,0,0,0,0,0,0,0,0,0,0
5832	ALDH18A1;NM_002860.4	10	-	97366488	97413164	97366488	97413164	17	97366488,97369923,97370982,97373468,97373692,97376203,97380757,97385088,97386429,97387168,97388094,97392685,97393217,97396819,97397013,97402718,97413016	97366730,97370079,97371229,97373650,97373948,97376401,97381038,97385242,97386563,97387373,97388279,97392836,97393436,97396984,97397223,97402993,97413164	nan	ALDH18A1	nan	nan	0,0,0,0,0,0,0,0,0,0,0,0,0,0,0,0,0
1355	COX15;NM_078470.6	10	-	101474313	101491836	101474313	101491836	9	101474313,101476074,101478072,101480713,101483682,101486694,101487167,101489279,101491686	101474505,101476248,101478287,101480855,101483910,101486941,101487350,101489521,101491836	nan	COX15	nan	nan	0,0,0,0,0,0,0,0,0
84504	NKX6-2;NM_177400.3	10	-	134598389	134599482	134598389	134599482	3	134598389,134598753,134599016	134598704,134598986,134599482	nan	NKX6-2	nan	nan	0,0,0
1892	ECHS1;NM_004092.4	10	-	135176341	135186867	135176341	135186867	8	135176341,135178131,135179449,135180362,135182396,135183377,135184033,135186719	135176467,135178259,135179629,135180527,135182556,135183565,135184291,135186867	nan	ECHS1	nan	nan	0,0,0,0,0,0,0,0
7054	TH;NM_199292.3	11	-	2185432	2193046	2185432	2193046	14	2185432,2186431,2186867,2187201,2187679,2187832,2188086,2188634,2189065,2189290,2189690,2190849,2191889,2192884	2185652,2186625,2187023,2187318,2187809,2188028,2188292,2188745,2189193,2189439,2189925,2191131,2192030,2193046	nan	TH	nan	nan	0,0,0,0,0,0,0,0,0,0,0,0,0,0
63982	ANO3;NM_031418.4	11	+	26353792	26682021	26353792	26682021	27	26353792,26463434,26465281,26484546,26529620,26538343,26547151,26552721,26555972,26558922,26563463,26568932,26574765,26581235,26619881,26620374,26621066,26645978,26655720,26656529,26660660,26663412,26664698,26669225,26677641,26677892,26681778	26353898,26463689,26465413,26484725,26529839,26538504,26547256,26552913,26556139,26559038,26563645,26569127,26574922,26581356,26620024,26620575,26621291,26646075,26655892,26656647,26660818,26663606,26664911,26669433,26677782,26678058,26682021	nan	ANO3	nan	nan	0,0,0,0,0,0,0,0,0,0,0,0,0,0,0,0,0,0,0,0,0,0,0,0,0,0,0
8050	PDHX;NM_003477.3	11	+	34938172	35016749	34938172	35016749	11	34938172,34952920,34969022,34978900,34981936,34988156,34991655,34999640,35006086,35013831,35016430	34938392,34953061,34969183,34979160,34982095,34988391,34991863,34999759,35006305,35013956,35016749	nan	PDHX	nan	nan	0,0,0,0,0,0,0,0,0,0,0
84153	RNASEH2C;NM_032193.4	11	-	65487223	65488259	65487223	65488259	4	65487223,65487485,65487682,65488027	65487310,65487665,65487918,65488259	nan	RNASEH2C	nan	nan	0,0,0,0
4723	NDUFV1;NM_007103.4	11	+	67374445	67379959	67374445	67379959	10	67374445,67375836,67375992,67376892,67377821,67378435,67378843,67379337,67379560,67379812	67374577,67375979,67376223,67377136,67378071,67378708,67379070,67379479,67379766,67379959	nan	NDUFV1	nan	nan	0,0,0,0,0,0,0,0,0,0
4728	NDUFS8;NM_002496.4	11	+	67799588	67804090	67799588	67804090	6	67799588,67799722,67800359,67800547,67803689,67803898	67799706,67799833,67800509,67800780,67803878,67804090	nan	NDUFS8	nan	nan	0,0,0,0,0,0
2348	FOLR1;NM_016729.3	11	+	71903187	71907251	71903187	71907251	4	71903187,71906284,71906625,71906910	71903415,71906533,71906821,71907251	nan	FOLR1	nan	nan	0,0,0,0
81570	CLPB;NM_001258392.3	11	-	72004380	72145548	72004380	72145548	16	72004380,72005035,72005338,72005633,72006505,72012816,72013317,72018212,72019540,72028119,72040720,72069893,72091294,72113979,72141325,72145085	72004689,72005200,72005518,72005767,72006722,72013038,72013422,72018328,72019678,72028294,72040878,72070082,72091458,72114126,72141437,72145548	nan	CLPB	nan	nan	0,0,0,0,0,0,0,0,0,0,0,0,0,0,0,0
5138	PDE2A;NM_002599.5	11	-	72288397	72385281	72288397	72385281	31	72288397,72289246,72289489,72289910,72290297,72290547,72291590,72291899,72292370,72292890,72293457,72294451,72295214,72295564,72295885,72296384,72296567,72297083,72299797,72300188,72300764,72300920,72301205,72301440,72302310,72307606,72308523,72316151,72319675,72353267,72385150	72288668,72289413,72289588,72290083,72290457,72290682,72291698,72292047,72292553,72293021,72293640,72294589,72295387,72295802,72296018,72296508,72296667,72297255,72299988,72300314,72300866,72301055,72301318,72301654,72302430,72307722,72308693,72316300,72319825,72353400,72385281	nan	PDE2A	nan	nan	0,0,0,0,0,0,0,0,0,0,0,0,0,0,0,0,0,0,0,0,0,0,0,0,0,0,0,0,0,0,0
4361	MRE11;NM_005591.4	11	-	94153260	94225997	94153260	94225997	19	94153260,94163046,94168967,94170312,94178945,94180354,94189411,94192543,94194071,94197248,94200948,94203606,94204709,94209424,94211870,94212809,94219059,94223968,94225917	94153377,94163182,94169095,94170431,94179089,94180634,94189534,94192777,94194232,94197435,94201089,94203838,94204955,94209599,94212072,94212957,94219280,94224161,94225997	nan	MRE11	nan	nan	0,0,0,0,0,0,0,0,0,0,0,0,0,0,0,0,0,0,0
472	ATM;NM_000051.4	11	+	108098321	108236265	108098321	108236265	62	108098321,108098472,108099874,108106366,108114649,108115484,108117660,108119629,108121397,108122533,108123513,108124510,108126911,108128177,108129682,108137867,108139106,108141760,108141947,108143228,108143418,108150187,108151691,108153406,108154923,108158296,108159673,108160298,108163315,108164009,108165623,108167983,108170410,108172344,108173549,108175371,108178593,108180856,108183107,108186519,108186707,108188069,108190650,108191997,108196006,108196754,108198341,108199717,108200910,108202140,108202575,108203458,108204582,108205665,108206541,108213918,108216439,108217975,108224462,108225507,108235778,108236021	108098453,108098645,108100080,108106591,108114875,108115783,108117884,108119859,108121829,108122788,108123669,108124796,108127097,108128363,108129832,108138099,108139366,108141903,108142163,108143364,108143609,108150365,108151925,108153636,108155230,108158472,108159860,108160558,108163550,108164234,108165816,108168139,108170642,108172546,108173786,108175609,108178741,108181072,108183255,108186668,108186870,108188278,108190815,108192177,108196301,108196982,108198515,108199995,108201178,108202314,108202794,108203657,108204725,108205866,108206718,108214128,108216665,108218122,108224637,108225631,108235975,108236265	nan	ATM	nan	nan	0,0,0,0,0,0,0,0,0,0,0,0,0,0,0,0,0,0,0,0,0,0,0,0,0,0,0,0,0,0,0,0,0,0,0,0,0,0,0,0,0,0,0,0,0,0,0,0,0,0,0,0,0,0,0,0,0,0,0,0,0,0
1737	DLAT;NM_001931.5	11	+	111896166	111933289	111896166	111933289	14	111896166,111896891,111899208,111899485,111904097,111907966,111909937,111914159,111915831,111916556,111921927,111930596,111931731,111933099	111896505,111897053,111899393,111899699,111904284,111908214,111910151,111914287,111915984,111916724,111922103,111930819,111931928,111933289	nan	DLAT	nan	nan	0,0,0,0,0,0,0,0,0,0,0,0,0,0
5805	PTS;NM_000317.3	11	+	112097136	112104308	112097136	112104308	6	112097136,112099286,112100900,112101318,112103855,112104124	112097279,112099426,112100983,112101435,112103986,112104308	nan	PTS	nan	nan	0,0,0,0,0,0
55572	FOXRED1;NM_017547.4	11	+	126139071	126147614	126139071	126147614	11	126139071,126141301,126142833,126143200,126144791,126145191,126145658,126145923,126146258,126146935,126147299	126139216,126141582,126143004,126143379,126144946,126145353,126145795,126146144,126146448,126147100,126147614	nan	FOXRED1	nan	nan	0,0,0,0,0,0,0,0,0,0,0
3736	KCNA1;NM_000217.3	12	+	5020514	5022062	5020514	5022062	1	5020514	5022062	nan	KCNA1	nan	nan	0
6843	VAMP1;NM_014231.5	12	-	6573605	6579727	6573605	6579727	5	6573605,6574025,6574977,6575360,6579665	6573682,6574137,6575196,6575547,6579727	nan	VAMP1	nan	nan	0,0,0,0,0
6334	SCN8A;NM_001330260.2	12	+	52056571	52201243	52056571	52201243	26	52056571,52077927,52080121,52080844,52082758,52093323,52094897,52096526,52099170,52100175,52115299,52139656,52145108,52156256,52159424,52162618,52163621,52164282,52167942,52174402,52180295,52182448,52183034,52184151,52188124,52200035	52056907,52078106,52080271,52081033,52082910,52093605,52095021,52096728,52099437,52100529,52115722,52139849,52145407,52156490,52159841,52163149,52163799,52164497,52168176,52174585,52180640,52182562,52183232,52184316,52188455,52201243	nan	SCN8A	nan	nan	0,0,0,0,0,0,0,0,0,0,0,0,0,0,0,0,0,0,0,0,0,0,0,0,0,0
6821	SUOX;NM_000456.3	12	+	56395975	56398841	56395975	56398841	3	56395975,56396296,56397371	56396085,56396534,56398841	nan	SUOX	nan	nan	0,0,0
8803	SUCLA2;NM_003850.3	13	-	48517475	48575435	48517475	48575435	11	48517475,48523044,48523587,48528244,48528500,48542699,48547368,48562645,48562986,48570947,48575285	48517610,48523193,48523768,48528447,48528722,48542898,48547557,48562868,48563146,48571188,48575435	nan	SUCLA2	nan	nan	0,0,0,0,0,0,0,0,0,0,0
79621	RNASEH2B;NM_001142279.2	13	+	51484182	51544130	51484182	51544130	10	51484182,51501512,51503580,51504788,51508990,51517426,51519532,51522092,51523568,51544037	51484306,51501644,51503748,51504925,51509165,51517560,51519698,51522234,51523671,51544130	nan	RNASEH2B	nan	nan	0,0,0,0,0,0,0,0,0,0
540	ATP7B;NM_000053.4	13	-	52508861	52585503	52508861	52585503	21	52508861,52509698,52511381,52511581,52513156,52515186,52516491,52518214,52520389,52523767,52524112,52524377,52531621,52532416,52534253,52535942,52538977,52542549,52544597,52548040,52585392	52509195,52509861,52511559,52511845,52513359,52515390,52516720,52518457,52520644,52523962,52524327,52524565,52531773,52532710,52534488,52536079,52539199,52542773,52544915,52549334,52585503	nan	ATP7B	nan	nan	0,0,0,0,0,0,0,0,0,0,0,0,0,0,0,0,0,0,0,0,0
1203	CLN5;NM_006493.4	13	+	77566203	77575134	77566203	77575134	4	77566203,77569167,77570006,77574562	77566436,77569393,77570292,77575134	nan	CLN5	nan	nan	0,0,0,0
5095	PCCA;NM_000282.4	13	+	100741344	101182450	100741344	101182450	24	100741344,100755106,100764064,100764216,100807202,100809510,100861555,100888065,100909818,100914952,100920912,100925419,100953683,100955147,100959415,100962056,100982784,100992380,101020695,101077856,101101475,101167650,101179898,101182321	100741509,100755244,100764172,100764345,100807376,100809624,100861747,100888162,100909957,100915115,100921067,100925630,100953887,100955282,100959544,100962192,100982955,100992543,101020858,101078015,101101589,101167851,101180036,101182450	nan	PCCA	nan	nan	0,0,0,0,0,0,0,0,0,0,0,0,0,0,0,0,0,0,0,0,0,0,0,0
7080	NKX2-1;NM_001079668.3	14	-	36986452	36989364	36986452	36989364	3	36986452,36988159,36989227	36987255,36988605,36989364	nan	NKX2-1	nan	nan	0,0,0
2643	GCH1;NM_000161.3	14	-	55310704	55369411	55310704	55369411	6	55310704,55312455,55313786,55326368,55332014,55369008	55310891,55312600,55313878,55326484,55332184,55369411	nan	GCH1	nan	nan	0,0,0,0,0,0
10577	NPC2;NM_006432.5	14	-	74946946	74960007	74946946	74960007	5	74946946,74947374,74951087,74953001,74959865	74947021,74947512,74951320,74953169,74960007	nan	NPC2	nan	nan	0,0,0,0,0
7528	YY1;NM_003403.5	14	+	100705551	100743967	100705551	100743967	5	100705551,100728610,100741004,100742796,100743724	100706290,100728833,100741125,100743015,100743967	nan	YY1	nan	nan	0,0,0,0,0
123263	MTFMT;NM_139242.4	15	-	65295369	65321981	65295369	65321981	9	65295369,65297161,65298420,65308743,65312504,65313821,65315979,65319138,65321712	65295624,65297304,65298559,65308895,65312640,65313984,65316162,65319408,65321981	nan	MTFMT	nan	nan	0,0,0,0,0,0,0,0,0
3073	HEXA;NM_000520.6	15	-	72636387	72668343	72636387	72668343	14	72636387,72637756,72638545,72638837,72639996,72640358,72641389,72642828,72643443,72645378,72646001,72647869,72648835,72668030	72636511,72637921,72638696,72639081,72640129,72640505,72641630,72643021,72643605,72645549,72646108,72647995,72648988,72668343	nan	HEXA	nan	nan	0,0,0,0,0,0,0,0,0,0,0,0,0,0
84942	WDR73;NM_032856.5	15	-	85186670	85197535	85186670	85197535	8	85186670,85188671,85189384,85191090,85191737,85195914,85196832,85197434	85186984,85189097,85189609,85191215,85191886,85196063,85196960,85197535	nan	WDR73	nan	nan	0,0,0,0,0,0,0,0
18	ABAT;NM_020686.6	16	+	8829566	8875317	8829566	8875317	15	8829566,8839827,8841934,8844248,8851583,8857895,8858564,8860034,8862019,8862651,8866606,8868716,8870170,8873305,8875135	8829696,8839985,8842024,8844426,8851693,8858036,8858717,8860157,8862143,8862860,8866804,8868944,8870377,8873477,8875317	nan	ABAT	nan	nan	0,0,0,0,0,0,0,0,0,0,0,0,0,0,0
1201	CLN3;NM_000086.2	16	-	28488806	28503110	28488806	28503110	15	28488806,28489027,28493395,28493617,28493767,28493916,28495296,28497637,28497868,28498746,28498952,28499881,28500580,28502772,28503004	28488986,28489228,28493549,28493733,28493896,28494023,28495469,28497841,28498001,28498892,28499092,28500013,28500737,28502911,28503110	nan	CLN3	nan	nan	0,0,0,0,0,0,0,0,0,0,0,0,0,0,0
112476	PRRT2;NM_145239.3	16	+	29824345	29825989	29824345	29825989	3	29824345,29825623,29825918	29825284,29825816,29825989	nan	PRRT2	nan	nan	0,0,0
2775	GNAO1;NM_020988.3	16	+	56226117	56388995	56226117	56388995	8	56226117,56226455,56309812,56362512,56368610,56370612,56385265,56388747	56226295,56226558,56310014,56362733,56368799,56370802,56385479,56388995	nan	GNAO1	nan	nan	0,0,0,0,0,0,0,0
55697	VAC14;NM_018052.5	16	-	70721800	70834833	70721800	70834833	19	70721800,70726693,70729416,70731011,70732509,70765367,70778295,70796412,70796753,70805981,70814662,70815741,70816905,70817317,70817985,70818648,70819574,70820087,70834669	70722023,70726904,70729556,70731190,70732744,70765560,70778512,70796538,70796958,70806105,70814872,70815936,70817072,70817487,70818153,70818771,70819802,70820298,70834833	nan	VAC14	nan	nan	0,0,0,0,0,0,0,0,0,0,0,0,0,0,0,0,0,0,0
79152	FA2H;NM_024306.5	16	-	74748057	74808683	74748057	74808683	7	74748057,74750214,74752855,74760092,74761111,74773890,74808353	74748197,74750527,74753088,74760259,74761314,74774043,74808683	nan	FA2H	nan	nan	0,0,0,0,0,0,0
10749	KIF1C;NM_006612.6	17	+	4903511	4927476	4903511	4927476	21	4903511,4904036,4904486,4905323,4905728,4905995,4906876,4907115,4907262,4907831,4908119,4910179,4910527,4910731,4916917,4918007,4923260,4923756,4924070,4925356,4926732	4903677,4904173,4904726,4905449,4905967,4906167,4907014,4907241,4907398,4907970,4908325,4910409,4910667,4910867,4917057,4918162,4923404,4924003,4924203,4926034,4927476	nan	KIF1C	nan	nan	0,0,0,0,0,0,0,0,0,0,0,0,0,0,0,0,0,0,0,0,0
6844	VAMP2;NM_014232.3	17	-	8064142	8066227	8064142	8066227	5	8064142,8064760,8064895,8065536,8066165	8064219,8064872,8065114,8065717,8066227	nan	VAMP2	nan	nan	0,0,0,0,0
1352	COX10;NM_001303.4	17	+	13972892	14110560	13972892	14110560	7	13972892,13977609,13980021,14005404,14063163,14095275,14110096	13972995,13977803,13980403,14005589,14063294,14095568,14110560	nan	COX10	nan	nan	0,0,0,0,0,0,0
80347	COASY;NM_025233.7	17	+	40714610	40718016	40714610	40718016	9	40714610,40715948,40716433,40716696,40716970,40717214,40717458,40717646,40717893	40715370,40716223,40716625,40716946,40717095,40717359,40717616,40717853,40718016	nan	COASY	nan	nan	0,0,0,0,0,0,0,0,0
8913	CACNA1G;NM_018896.5	17	+	48638790	48704142	48638790	48704142	38	48638790,48646200,48646495,48647036,48649208,48649884,48650351,48652873,48655518,48667801,48668765,48669069,48669267,48672323,48673892,48674060,48676758,48678056,48678381,48680150,48680345,48681485,48683228,48684230,48685157,48687212,48692691,48693605,48694768,48695189,48695378,48695552,48695985,48697013,48698990,48701237,48701690,48703347	48639092,48646372,48646689,48647194,48649428,48650245,48650504,48653717,48655955,48668013,48669011,48669244,48669483,48672452,48674037,48674314,48677250,48678217,48678565,48680279,48680590,48681672,48683414,48684380,48685410,48687326,48692903,48693775,48694962,48695320,48695517,48695734,48696399,48697217,48699185,48701466,48701920,48704142	nan	CACNA1G	nan	nan	0,0,0,0,0,0,0,0,0,0,0,0,0,0,0,0,0,0,0,0,0,0,0,0,0,0,0,0,0,0,0,0,0,0,0,0,0,0
51	ACOX1;NM_004035.7	17	-	73942798	73975184	73942798	73975184	14	73942798,73944301,73945267,73945545,73945768,73946824,73947465,73949501,73951616,73951878,73953509,73956265,73974584,73975015	73942906,73944568,73945471,73945711,73946008,73947075,73947688,73949731,73951792,73952058,73953677,73956486,73974804,73975184	nan	ACOX1	nan	nan	0,0,0,0,0,0,0,0,0,0,0,0,0,0
2774	GNAL;NM_182978.4	18	+	11689532	11881164	11689532	11881164	12	11689532,11752821,11753596,11753794,11824886,11862363,11864501,11867136,11868511,11872236,11876589,11880957	11689968,11752954,11753711,11753974,11825044,11862478,11864635,11867255,11868692,11872427,11876717,11881164	nan	GNAL	nan	nan	0,0,0,0,0,0,0,0,0,0,0,0
10939	AFG3L2;NM_006796.3	18	-	12329533	12377111	12329533	12377111	17	12329533,12337309,12340169,12344100,12348241,12351053,12351274,12352973,12356662,12358638,12359895,12363750,12366933,12367244,12370817,12371560,12376937	12329812,12337564,12340430,12344276,12348412,12351239,12351442,12353187,12356860,12358972,12360080,12363885,12367146,12367411,12370955,12371720,12377111	nan	AFG3L2	nan	nan	0,0,0,0,0,0,0,0,0,0,0,0,0,0,0,0,0
4864	NPC1;NM_000271.5	18	-	21112135	21166337	21112135	21166337	25	21112135,21113288,21114379,21115402,21116606,21118475,21119288,21119744,21120381,21121001,21121239,21123388,21124277,21124893,21127939,21131560,21134691,21136176,21137050,21140164,21141293,21148756,21152007,21153385,21166220	21112278,21113511,21114553,21115694,21116870,21118665,21119464,21119995,21120531,21121202,21121427,21123563,21124520,21125143,21128102,21131721,21134978,21136607,21137184,21140474,21141521,21148992,21152174,21153568,21166337	nan	NPC1	nan	nan	0,0,0,0,0,0,0,0,0,0,0,0,0,0,0,0,0,0,0,0,0,0,0,0,0
374291	NDUFS7;NM_024407.5	19	+	1383895	1395517	1383895	1395517	8	1383895,1387779,1388493,1388801,1390839,1391087,1393210,1395359	1383971,1387876,1388622,1388967,1391079,1391194,1393359,1395517	nan	NDUFS7	nan	nan	0,0,0,0,0,0,0,0
10382	TUBB4A;NM_006087.4	19	-	6495144	6502253	6495144	6502253	4	6495144,6501267,6501495,6502136	6496262,6501438,6501664,6502253	nan	TUBB4A	nan	nan	0,0,0,0
100131801	PET100;NM_001171155.2	19	+	7694689	7696472	7694689	7696472	4	7694689,7695428,7695678,7696328	7694776,7695575,7695762,7696472	nan	PET100	nan	nan	0,0,0,0
2639	GCDH;NM_000159.4	19	+	13002088	13010385	13002088	13010385	11	13002088,13002270,13002614,13002899,13004266,13006775,13006988,13007693,13008086,13008486,13010251	13002239,13002366,13002818,13003022,13004497,13006965,13007265,13007857,13008272,13008707,13010385	nan	GCDH	nan	nan	0,0,0,0,0,0,0,0,0,0,0
773	CACNA1A;NM_001127221.2	19	-	13318829	13617068	13318829	13617068	47	13318829,13319539,13320095,13321400,13322886,13323167,13323414,13325016,13325284,13335450,13339482,13340865,13342493,13345704,13345992,13346397,13355965,13363774,13365878,13368133,13370347,13372233,13373517,13386633,13387852,13394050,13395851,13397286,13409327,13411333,13414329,13414550,13418565,13418903,13419199,13423452,13427895,13441027,13443652,13445161,13446589,13470389,13476100,13482471,13563659,13565890,13616715	13318892,13319853,13320342,13321496,13323060,13323366,13323584,13325177,13325452,13335616,13339639,13341053,13342704,13345880,13346118,13346574,13356109,13363945,13366103,13368395,13370545,13372454,13373677,13386800,13387972,13394240,13396050,13397810,13410197,13411500,13414457,13414728,13418698,13419095,13419372,13423625,13428165,13441180,13443769,13445337,13446753,13470643,13476313,13482623,13563859,13566056,13617068	nan	CACNA1A	nan	nan	0,0,0,0,0,0,0,0,0,0,0,0,0,0,0,0,0,0,0,0,0,0,0,0,0,0,0,0,0,0,0,0,0,0,0,0,0,0,0,0,0,0,0,0,0,0,0
83636	C19orf12;NM_001031726.3	19	-	30193588	30205866	30193588	30205866	3	30193588,30199130,30205783	30193914,30199360,30205866	nan	C19orf12	nan	nan	0,0,0
9757	KMT2B;NM_014727.3	19	+	36208890	36229488	36208890	36229488	37	36208890,36210340,36210655,36213230,36213439,36213866,36214318,36214602,36215507,36215859,36216090,36216349,36216593,36217106,36218026,36218308,36218568,36218751,36218968,36219644,36219855,36220029,36220837,36221212,36221408,36221577,36222778,36223085,36224467,36224633,36227560,36227782,36227956,36228506,36228729,36228932,36229152	36209313,36210473,36212736,36213404,36213650,36214206,36214434,36214938,36215662,36216018,36216264,36216556,36216749,36217284,36218200,36218553,36218718,36218916,36219102,36219820,36220007,36220227,36221056,36221393,36221547,36221798,36223066,36224439,36224617,36224803,36227758,36227917,36228194,36228674,36228873,36229122,36229488	nan	KMT2B	nan	nan	0,0,0,0,0,0,0,0,0,0,0,0,0,0,0,0,0,0,0,0,0,0,0,0,0,0,0,0,0,0,0,0,0,0,0,0,0
478	ATP1A3;NM_152296.5	19	-	42471058	42498258	42471058	42498258	23	42471058,42471370,42471783,42472906,42473556,42474306,42474509,42479750,42480537,42482057,42482272,42482727,42485623,42485843,42486029,42489039,42489427,42489985,42490237,42492057,42492439,42492597,42498192	42471147,42471522,42471945,42473097,42473762,42474490,42474724,42479979,42480748,42482254,42482508,42482980,42485818,42486013,42486288,42489368,42489605,42490180,42490411,42492321,42492559,42492744,42498258	nan	ATP1A3	nan	nan	0,0,0,0,0,0,0,0,0,0,0,0,0,0,0,0,0,0,0,0,0,0,0
80207	OPA3;NM_001017989.3	19	-	46032283	46088052	46032283	46088052	2	46032283,46087850	46032744,46088052	nan	OPA3	nan	nan	0,0
2512	FTL;NM_000146.4	19	+	49468734	49470022	49468734	49470022	4	49468734,49468996,49469507,49469809	49468896,49469203,49469693,49470022	nan	FTL	nan	nan	0,0,0,0
11284	PNKP;NM_007254.4	19	-	50364474	50370491	50364474	50370491	16	50364474,50364675,50364834,50364998,50365270,50365411,50365597,50365764,50365916,50366915,50367190,50367405,50367550,50368353,50369625,50370280	50364652,50364797,50364982,50365168,50365392,50365568,50365750,50365895,50366025,50367047,50367358,50367523,50367690,50368713,50369732,50370491	nan	PNKP	nan	nan	0,0,0,0,0,0,0,0,0,0,0,0,0,0,0,0
80025	PANK2;NM_153638.3	20	+	3869717	3903971	3869717	3903971	7	3869717,3888542,3891193,3893074,3897543,3899287,3903860	3870405,3888955,3891507,3893311,3897727,3899473,3903971	nan	PANK2	nan	nan	0,0,0,0,0,0,0
5621	PRNP;NM_000311.5	20	+	4679836	4680658	4679836	4680658	1	4679836	4680658	nan	PRNP	nan	nan	0
79133	NDUFAF5;NM_024120.5	20	+	13765684	13797886	13765684	13797886	11	13765684,13767927,13769204,13773795,13775453,13779076,13782101,13789457,13797078,13797490,13797733	13765966,13768028,13769328,13773903,13775617,13779176,13782359,13789578,13797222,13797633,13797886	nan	NDUFAF5	nan	nan	0,0,0,0,0,0,0,0,0,0,0
25939	SAMHD1;NM_015474.4	20	-	35521304	35580076	35521304	35580076	16	35521304,35526194,35526812,35532529,35533736,35539590,35540833,35545094,35545321,35547736,35555554,35559132,35563401,35569411,35575110,35579808	35521499,35526392,35526977,35532682,35533936,35539766,35540985,35545263,35545482,35547952,35555685,35559308,35563622,35569544,35575237,35580076	nan	SAMHD1	nan	nan	0,0,0,0,0,0,0,0,0,0,0,0,0,0,0,0
3785	KCNQ2;NM_172107.4	20	-	62037966	62103846	62037966	62103846	17	62037966,62039735,62044772,62045410,62046225,62050941,62055499,62059689,62062662,62065131,62069947,62070920,62073728,62075981,62076560,62078069,62103490	62038758,62039919,62044964,62045576,62046509,62051055,62055589,62059818,62062752,62065286,62070103,62071091,62073914,62076217,62076747,62078220,62103846	nan	KCNQ2	nan	nan	0,0,0,0,0,0,0,0,0,0,0,0,0,0,0,0,0
8867	SYNJ1;NM_003895.3	21	-	34003274	34100381	34003274	34100381	32	34003274,34011187,34011950,34014175,34014374,34015689,34017247,34017925,34018672,34022463,34025567,34028966,34029282,34029995,34037192,34038222,34038712,34042567,34045619,34048611,34050924,34053775,34056317,34058027,34059257,34060585,34066507,34067336,34072117,34074240,34099052,34100226	34004141,34011465,34012119,34014306,34014473,34015797,34017346,34018129,34018942,34022686,34025706,34029242,34029460,34030212,34037411,34038475,34038913,34042712,34045871,34048695,34051141,34053988,34056459,34058257,34059414,34060707,34066651,34067622,34072445,34074387,34099258,34100381	nan	SYNJ1	nan	nan	0,0,0,0,0,0,0,0,0,0,0,0,0,0,0,0,0,0,0,0,0,0,0,0,0,0,0,0,0,0,0,0
1476	CSTB;NM_000100.4	21	-	45194052	45196180	45194052	45196180	3	45194052,45194508,45196054	45194241,45194670,45196180	nan	CSTB	nan	nan	0,0,0
25793	FBXO7;NM_012179.4	22	+	32870959	32894547	32870959	32894547	9	32870959,32874937,32879853,32881024,32883701,32887042,32889061,32891449,32894100	32871141,32875292,32880141,32881226,32883845,32887198,32889298,32891547,32894547	nan	FBXO7	nan	nan	0,0,0,0,0,0,0,0,0
79734	KCTD17;NM_001282684.1	22	+	37447749	37458664	37447749	37458664	9	37447749,37449109,37452329,37453407,37455322,37456832,37457113,37457548,37458534	37448019,37449278,37452481,37453563,37455508,37456992,37457245,37457699,37458664	nan	KCTD17	nan	nan	0,0,0,0,0,0,0,0,0
8398	PLA2G6;NM_003560.4	22	-	38508137	38565463	38508137	38565463	16	38508137,38508480,38509463,38511503,38512051,38516735,38519071,38522347,38524245,38525430,38528807,38530964,38535958,38539081,38541414,38565194	38508342,38508614,38509691,38511718,38512248,38516946,38519295,38522486,38524467,38525599,38529050,38531121,38536206,38539325,38541690,38565463	nan	PLA2G6	nan	nan	0,0,0,0,0,0,0,0,0,0,0,0,0,0,0,0
5155	PDGFB;NM_002608.4	22	-	39621697	39639998	39621697	39639998	6	39621697,39626058,39627596,39629409,39631752,39639875	39621882,39626263,39627862,39629559,39631909,39639998	nan	PDGFB	nan	nan	0,0,0,0,0,0
410	ARSA;NM_000487.6	22	-	51063542	51066237	51063542	51066237	8	51063542,51063976,51064333,51064551,51064988,51065231,51065563,51065953	51063922,51064139,51064521,51064736,51065218,51065510,51065864,51066237	nan	ARSA	nan	nan	0,0,0,0,0,0,0,0
8905	AP1S2;NM_003916.5	X	-	15845417	15870677	15845417	15870677	4	15845417,15863471,15863995,15870438	15845525,15863669,15864164,15870677	nan	AP1S2	nan	nan	0,0,0,0
5160	PDHA1;NM_000284.4	X	+	19362125	19377801	19362125	19377801	11	19362125,19367399,19368024,19369368,19371169,19372578,19373436,19373773,19375739,19377003,19377576	19362242,19367519,19368258,19369555,19371321,19372731,19373652,19373905,19375867,19377172,19377801	nan	PDHA1	nan	nan	0,0,0,0,0,0,0,0,0,0,0
11152	WDR45;NM_001029896.2	X	-	48932431	48935784	48932431	48935784	10	48932431,48932764,48932992,48933173,48933494,48934058,48934273,48935271,48935465,48935669	48932601,48932970,48933154,48933442,48933634,48934213,48934439,48935436,48935600,48935784	nan	WDR45	nan	nan	0,0,0,0,0,0,0,0,0,0
6872	TAF1;NM_004606.5	X	+	70586194	70683926	70586194	70683926	38	70586194,70587318,70587873,70594986,70596769,70597422,70598054,70598643,70601562,70602355,70602580,70602810,70603781,70604764,70607080,70608056,70608557,70609404,70612388,70612694,70613120,70613886,70617072,70618391,70621347,70626457,70627393,70627793,70641128,70642936,70643793,70643973,70673989,70674560,70678060,70679371,70680445,70683643	70586374,70587493,70588050,70595166,70597071,70597701,70598333,70598911,70601799,70602543,70602748,70603044,70604015,70604929,70607341,70608258,70608748,70609545,70612598,70612874,70613356,70614125,70617346,70618617,70621619,70626626,70627552,70628031,70641256,70643119,70643946,70644118,70674117,70674737,70678246,70679588,70680683,70683926	nan	TAF1	nan	nan	0,0,0,0,0,0,0,0,0,0,0,0,0,0,0,0,0,0,0,0,0,0,0,0,0,0,0,0,0,0,0,0,0,0,0,0,0,0
1678	TIMM8A;NM_004085.4	X	-	100601456	100603682	100601456	100603682	2	100601456,100603490	100601678,100603682	nan	TIMM8A	nan	nan	0,0
4694	NDUFA1;NM_004541.4	X	+	119005844	119010527	119005844	119010527	3	119005844,119007236,119010446	119006006,119007386,119010527	nan	NDUFA1	nan	nan	0,0,0
6535	SLC6A8;NM_005629.4	X	+	152953999	152960699	152953999	152960699	13	152953999,152955799,152956728,152957399,152958465,152958687,152958886,152959329,152959554,152959768,152959957,152960143,152960498	152954321,152955991,152957038,152957592,152958660,152958851,152959071,152959502,152959752,152959931,152960118,152960374,152960699	nan	SLC6A8	nan	nan	0,0,0,0,0,0,0,0,0,0,0,0,0
10134	BCAP31;NM_005745.7	X	-	152966361	152988729	152966361	152988729	7	152966361,152967431,152968359,152969383,152980966,152986296,152988577	152966460,152967592,152968543,152969579,152981174,152986457,152988729	nan	BCAP31	nan	nan	0,0,0,0,0,0,0
3054	HCFC1;NM_005334.3	X	-	153214767	153236321	153214767	153236321	26	153214767,153214973,153215663,153216233,153216770,153217009,153217261,153217934,153219027,153219486,153221611,153222045,153222338,153222734,153223202,153223445,153223989,153224751,153225222,153225655,153226962,153227642,153228645,153229544,153229998,153236068	153214867,153215097,153216024,153216479,153216968,153217188,153217639,153218439,153219251,153221023,153221892,153222244,153222541,153223014,153223367,153223730,153224247,153224972,153225642,153225895,153227129,153227787,153228914,153229765,153230207,153236321	nan	HCFC1	nan	nan	0,0,0,0,0,0,0,0,0,0,0,0,0,0,0,0,0,0,0,0,0,0,0,0,0,0
116442	RAB39B;NM_171998.4	X	-	154490057	154493603	154490057	154493603	2	154490057,154493328	154490544,154493603	nan	RAB39B	nan	nan	0,0
