#bin	name	chrom	strand	txStart	txEnd	cdsStart	cdsEnd	exonCount	exonStarts	exonSEnds	score	name2	cdsStartStat	cdsEndStat	exonFrames
6390	SDHB;NM_003000.3	1	-	17345220	17380527	17345220	17380527	8	17345220,17349092,17350457,17354233,17355084,17359544,17371245,17380432	17345463,17349235,17350579,17354370,17355241,17359650,17371393,17380527	nan	SDHB	nan	nan	0,0,0,0,0,0,0,0
8289	ARID1A;NM_006015.6	1	+	27022505	27108595	27022505	27108595	20	27022505,27056131,27057632,27059156,27087336,27087864,27088632,27089453,27092701,27092937,27094270,27097599,27098980,27099292,27099826,27100060,27100282,27100809,27102057,27105503	27024041,27056364,27058105,27059293,27087597,27087974,27088820,27089786,27092867,27093067,27094500,27097827,27099133,27099488,27099997,27100218,27100399,27101721,27102208,27108595	nan	ARID1A	nan	nan	0,0,0,0,0,0,0,0,0,0,0,0,0,0,0,0,0,0,0,0
4893	NRAS;NM_002524.5	1	-	115247089	115259392	115247089	115259392	7	115247089,115250764,115251141,115252179,115256410,115258660,115259268	115250681,115250823,115251285,115252359,115256609,115258808,115259392	nan	NRAS	nan	nan	0,0,0,0,0,0,0
4914	NTRK1;NM_001007792.1	1	+	156785541	156851642	156785541	156851642	17	156785541,156811862,156834135,156834509,156836691,156837885,156838286,156841404,156843414,156844352,156844687,156845301,156845861,156846181,156848903,156849780,156851238	156785640,156811995,156834230,156834601,156836780,156838051,156838449,156841557,156843761,156844428,156844810,156845468,156846012,156846374,156849164,156849959,156851642	nan	NTRK1	nan	nan	0,0,0,0,0,0,0,0,0,0,0,0,0,0,0,0,0
6391	SDHC;NM_001035511.2	1	+	161284170	161345130	161284170	161345130	5	161284170,161293393,161298175,161310373,161332108	161284225,161293470,161298297,161310455,161345130	nan	SDHC	nan	nan	0,0,0,0,0
4921	DDR2;NM_006182.4	1	+	162602253	162757195	162602253	162757195	18	162602253,162624990,162688816,162722874,162724403,162724935,162725443,162729575,162730990,162735780,162737008,162740081,162741803,162743248,162745431,162745915,162748359,162749891	162602431,162625174,162688945,162722997,162724655,162725103,162725569,162729779,162731254,162735863,162737159,162740312,162742047,162743396,162745643,162746170,162748529,162757195	nan	DDR2	nan	nan	0,0,0,0,0,0,0,0,0,0,0,0,0,0,0,0,0,0
238	ALK;NM_004304.5	2	-	29415639	30144452	29415639	30144452	29	29415639,29419625,29420397,29430026,29432641,29436839,29443561,29445199,29445372,29446197,29448316,29449777,29450429,29451739,29455159,29456420,29462535,29473960,29497954,29498257,29519743,29541159,29543606,29551205,29606587,29754770,29917705,29940433,30142848	29416798,29419736,29420552,29430148,29432754,29436957,29443711,29445284,29445483,29446404,29448441,29449950,29450548,29451942,29455324,29456572,29462706,29474143,29498103,29498372,29519933,29541280,29543758,29551357,29606735,29754992,29917890,29940573,30144452	nan	ALK	nan	nan	0,0,0,0,0,0,0,0,0,0,0,0,0,0,0,0,0,0,0,0,0,0,0,0,0,0,0,0,0
4072	EPCAM;NM_002354.3	2	+	47596449	47614159	47596449	47614159	9	47596449,47600591,47600936,47602362,47604142,47606081,47606897,47612294,47613700	47596730,47600719,47601197,47602448,47604226,47606203,47607118,47612359,47614159	nan	EPCAM	nan	nan	0,0,0,0,0,0,0,0,0
4436	MSH2;NM_000251.3	2	+	47630294	47710362	47630294	47710362	16	47630294,47635529,47637222,47639542,47641397,47643424,47656870,47672676,47690159,47693786,47698093,47702153,47703495,47705400,47707824,47709907	47630551,47635704,47637521,47639709,47641567,47643578,47657090,47672806,47690303,47693957,47698211,47702419,47703720,47705668,47708020,47710362	nan	MSH2	nan	nan	0,0,0,0,0,0,0,0,0,0,0,0,0,0,0,0
2956	MSH6;NM_000179.3	2	+	48010283	48034092	48010283	48034092	10	48010283,48018055,48023022,48025739,48030548,48032038,48032746,48033332,48033580,48033907	48010642,48018272,48023212,48028304,48030834,48032176,48032856,48033507,48033800,48034092	nan	MSH6	nan	nan	0,0,0,0,0,0,0,0,0,0
7852	CXCR4;NM_003467.3	2	-	136871918	136875719	136871918	136875719	2	136871918,136875605	136873492,136875719	nan	CXCR4	nan	nan	0,0
3417	IDH1;NM_001282386.1	2	-	209100950	209119182	209100950	209119182	10	209100950,209103784,209104576,209106707,209108140,209110032,209113082,209116143,209118599,209119056	209101903,209103967,209104737,209106879,209108338,209110158,209113394,209116301,209118693,209119182	nan	IDH1	nan	nan	0,0,0,0,0,0,0,0,0,0
2066	ERBB4;NM_001042599.1	2	-	212240441	213403352	212240441	213403352	27	212240441,212251567,212285155,212286721,212288869,212293122,212295659,212426617,212483891,212488636,212495176,212522468,212530037,212537878,212543766,212566681,212568818,212570032,212576764,212578249,212587107,212589790,212615353,212652739,212812144,212989466,213403162	212248795,212251885,212285346,212286839,212289036,212293218,212295835,212426823,212484010,212488779,212495329,212522563,212530212,212537992,212543919,212566901,212568929,212570126,212576911,212578383,212587269,212589929,212615439,212652894,212812351,212989638,213403352	nan	ERBB4	nan	nan	0,0,0,0,0,0,0,0,0,0,0,0,0,0,0,0,0,0,0,0,0,0,0,0,0,0,0
7428	VHL;NM_000551.4	3	+	10183461	10195350	10183461	10195350	3	10183461,10188187,10191460	10183881,10188330,10195350	nan	VHL	nan	nan	0,0,0
5894	RAF1;NM_002880.4	3	-	12625099	12705616	12625099	12705616	17	12625099,12626335,12626610,12627169,12629079,12632286,12633196,12641179,12641640,12641876,12645624,12647689,12650254,12650721,12653438,12660003,12705301	12626166,12626490,12626762,12627308,12629146,12632483,12633301,12641317,12641788,12641924,12645798,12647808,12650432,12650844,12653571,12660256,12705616	nan	RAF1	nan	nan	0,0,0,0,0,0,0,0,0,0,0,0,0,0,0,0,0
4292	MLH1;NM_000249.4	3	+	37035008	37092337	37035008	37092337	19	37035008,37038099,37042435,37045881,37048471,37050294,37053300,37053491,37055912,37058986,37061790,37067117,37070264,37081666,37083748,37088999,37089997,37090384,37091966	37035164,37038210,37042554,37045975,37048564,37050406,37053363,37053600,37056045,37059100,37061964,37067508,37070433,37081795,37083832,37089184,37090110,37090518,37092337	nan	MLH1	nan	nan	0,0,0,0,0,0,0,0,0,0,0,0,0,0,0,0,0,0,0
4615	MYD88;NM_001172567.2	3	+	38180151	38184512	38180151	38184512	5	38180151,38181344,38181868,38182237,38182612	38180529,38181499,38182093,38182349,38184512	nan	MYD88	nan	nan	0,0,0,0,0
1499	CTNNB1;NM_001098209.2	3	+	41240995	41281934	41240995	41281934	16	41240995,41265501,41266006,41266434,41266814,41267140,41268688,41274821,41275009,41275619,41277204,41277829,41278068,41279496,41280614,41281140	41241171,41265582,41266254,41266708,41267073,41267362,41268853,41274945,41275368,41275798,41277344,41278000,41278210,41279577,41280855,41281934	nan	CTNNB1	nan	nan	0,0,0,0,0,0,0,0,0,0,0,0,0,0,0,0
5290	PIK3CA;NM_006218.4	3	+	178866144	178957881	178866144	178957881	21	178866144,178916527,178917467,178919067,178921321,178922280,178927372,178927963,178928208,178935987,178936973,178937348,178937726,178938763,178941858,178942477,178943739,178947049,178947781,178948002,178951871	178866401,178916975,178917697,178919338,178921587,178922386,178927498,178928136,178928363,178936132,178937075,178937533,178937850,178938955,178941985,178942619,178943838,178947240,178947919,178948174,178957881	nan	PIK3CA	nan	nan	0,0,0,0,0,0,0,0,0,0,0,0,0,0,0,0,0,0,0,0,0
2261	FGFR3;NM_000142.5	4	+	1795019	1810594	1795019	1810594	18	1795019,1795549,1800970,1801463,1803083,1803336,1803551,1805408,1806046,1806540,1807071,1807275,1807466,1807767,1807973,1808262,1808545,1808832	1795202,1795780,1801260,1801549,1803273,1803480,1803762,1805573,1806257,1806706,1807213,1807406,1807677,1807910,1808064,1808420,1808671,1810594	nan	FGFR3	nan	nan	0,0,0,0,0,0,0,0,0,0,0,0,0,0,0,0,0,0
5156	PDGFRA;NM_006206.6	4	+	55095459	55164412	55095459	55164412	23	55095459,55124913,55127251,55129823,55131075,55133445,55133708,55136789,55138550,55139693,55140687,55140997,55143544,55144052,55144518,55146472,55151527,55151997,55153586,55154955,55155165,55156469,55161281	55095592,55124994,55127589,55130104,55131226,55133637,55133918,55136925,55138697,55139907,55140802,55141150,55143669,55144183,55144692,55146659,55151663,55152140,55153718,55155075,55155291,55156731,55164412	nan	PDGFRA	nan	nan	0,0,0,0,0,0,0,0,0,0,0,0,0,0,0,0,0,0,0,0,0,0,0
3815	KIT;NM_000222.3	4	+	55524123	55606881	55524123	55606881	21	55524123,55561667,55564439,55565785,55569879,55573253,55575579,55589739,55592012,55593373,55593571,55593978,55594166,55595490,55597483,55598026,55599225,55602653,55602876,55603330,55604584	55524258,55561957,55564741,55565942,55570068,55573463,55575715,55589874,55592226,55593500,55593718,55594103,55594297,55595661,55597595,55598174,55599368,55602785,55602996,55603456,55606881	nan	KIT	nan	nan	0,0,0,0,0,0,0,0,0,0,0,0,0,0,0,0,0,0,0,0,0
55294	FBXW7;NM_033632.3	4	-	153242409	153456185	153242409	153456185	12	153242409,153245325,153247147,153249349,153250813,153251873,153253737,153258943,153268071,153271183,153332444,153456082	153244311,153245556,153247393,153249551,153250947,153252030,153253881,153259098,153268233,153271286,153333034,153456185	nan	FBXW7	nan	nan	0,0,0,0,0,0,0,0,0,0,0,0
6389	SDHA;NM_001294332.1	5	+	218337	257197	218337	257197	14	218337,223586,224464,225987,228289,230980,233581,235248,236532,240462,251096,251442,254497,256438	218543,223693,224646,226172,228458,231125,233770,235464,236724,240601,251228,251593,254631,257197	nan	SDHA	nan	nan	0,0,0,0,0,0,0,0,0,0,0,0,0,0
324	APC;NM_001127511.3	5	+	112043194	112181936	112043194	112181936	14	112043194,112102012,112102875,112111315,112116476,112136965,112151181,112154652,112157582,112162794,112163615,112164542,112170637,112173239	112043589,112102117,112103097,112111444,112116610,112137090,112151300,112155051,112157698,112162954,112163713,112164679,112170872,112181936	nan	APC	nan	nan	0,0,0,0,0,0,0,0,0,0,0,0,0,0
6098	ROS1;NM_002944.3	6	-	117608515	117747105	117608515	117747105	43	117608515,117622126,117629946,117631233,117632172,117638295,117639340,117641020,117642411,117645484,117647376,117650481,117658324,117662287,117662552,117663552,117665212,117674142,117677781,117678956,117680961,117681494,117683755,117686212,117686733,117687228,117700211,117704469,117706835,117708041,117708932,117710502,117714376,117715314,117715768,117717340,117718067,117724291,117725432,117730734,117737410,117739614,117746686	117609975,117622310,117630101,117631454,117632290,117638445,117639425,117641203,117642567,117645588,117647587,117650619,117658513,117662484,117662805,117663717,117665435,117674342,117678088,117679182,117681184,117681578,117684038,117686377,117686914,117687463,117700332,117704681,117707034,117708172,117709207,117711019,117714494,117715519,117715911,117717437,117718289,117724450,117725601,117730815,117737490,117739679,117747105	nan	ROS1	nan	nan	0,0,0,0,0,0,0,0,0,0,0,0,0,0,0,0,0,0,0,0,0,0,0,0,0,0,0,0,0,0,0,0,0,0,0,0,0,0,0,0,0,0,0
2099	ESR1;NM_000125.4	6	+	152128816	152424408	152128816	152424408	8	152128816,152163721,152201779,152265297,152332780,152382115,152415509,152419856	152129509,152163932,152201916,152265653,152332939,152382269,152415713,152424408	nan	ESR1	nan	nan	0,0,0,0,0,0,0,0
5395	PMS2;NM_000535.7	7	-	6010555	6048680	6010555	6048680	15	6010555,6017208,6018216,6022444,6026379,6029420,6031593,6035154,6036946,6038728,6042073,6043310,6043592,6045512,6048617	6013183,6017398,6018337,6022632,6027261,6029596,6031698,6035274,6037064,6038916,6042277,6043433,6043699,6045672,6048680	nan	PMS2	nan	nan	0,0,0,0,0,0,0,0,0,0,0,0,0,0,0
1956	EGFR;NM_005228.5	7	+	55086709	55279321	55086709	55279321	28	55086709,55209968,55210987,55214288,55218976,55220228,55221693,55223512,55224215,55224441,55225345,55227821,55229181,55231415,55232962,55238857,55240665,55241603,55242404,55248975,55259401,55260448,55266399,55267998,55268870,55269417,55270199,55272938	55087068,55210140,55211191,55214443,55219065,55220367,55221855,55223649,55224362,55224535,55225456,55228041,55229334,55231526,55233140,55238916,55240827,55241746,55242523,55249181,55259577,55260544,55266566,55268116,55269058,55269485,55270328,55279321	nan	EGFR	nan	nan	0,0,0,0,0,0,0,0,0,0,0,0,0,0,0,0,0,0,0,0,0,0,0,0,0,0,0,0
4233	MET;NM_000245.4	7	+	116312249	116438431	116312249	116438431	21	116312249,116339114,116371711,116379993,116380895,116395398,116397480,116397681,116398502,116399434,116403093,116409688,116411541,116411892,116414924,116417432,116418819,116422031,116423347,116435698,116435930	116312641,116340348,116371923,116380148,116381089,116395579,116397603,116397838,116398684,116399554,116403332,116409855,116411718,116412053,116415175,116417533,116419021,116422161,116423533,116435855,116438431	nan	MET	nan	nan	0,0,0,0,0,0,0,0,0,0,0,0,0,0,0,0,0,0,0,0,0
673	BRAF;NM_004333.6	7	-	140430464	140624729	140430464	140624729	18	140430464,140439601,140449076,140453064,140453976,140476701,140477780,140481365,140482810,140487337,140494097,140500151,140501201,140507749,140508681,140534398,140549900,140624355	140434580,140439756,140449228,140453203,140454043,140476898,140477885,140481503,140482967,140487394,140494277,140500291,140501370,140507872,140508805,140534682,140550022,140624729	nan	BRAF	nan	nan	0,0,0,0,0,0,0,0,0,0,0,0,0,0,0,0,0,0
2260	FGFR1;NM_001174066.2	8	-	38268660	38325242	38268660	38325242	17	38268660,38271425,38271659,38272066,38272286,38273377,38274813,38275377,38275735,38277040,38279304,38282016,38283629,38285428,38285853,38314863,38325179	38271332,38271551,38271817,38272157,38272429,38273588,38274944,38275519,38275901,38277263,38279469,38282227,38283773,38285621,38285963,38315062,38325242	nan	FGFR1	nan	nan	0,0,0,0,0,0,0,0,0,0,0,0,0,0,0,0,0
6921	ELOC;NM_001204863.2	8	-	74857370	74884426	74857370	74884426	3	74857370,74868135,74884301	74859065,74868299,74884426	nan	ELOC	nan	nan	0,0,0
1029	CDKN2A;NM_000077.5	9	-	21967750	21974856	21967750	21974856	3	21967750,21970890,21974666	21968251,21971217,21974856	nan	CDKN2A	nan	nan	0,0,0
2776	GNAQ;NM_002072.5	9	-	80331023	80646727	80331023	80646727	7	80331023,80343419,80409368,80412425,80430521,80537066,80646005	80336439,80343593,80409518,80412574,80430696,80537271,80646727	nan	GNAQ	nan	nan	0,0,0,0,0,0,0
4915	NTRK2;NM_006180.6	9	+	87284643	87641967	87284643	87641967	19	87284643,87285281,87317063,87317252,87322748,87325541,87338477,87339128,87342558,87356796,87359877,87366890,87475944,87482147,87549066,87563366,87570187,87635110,87636156	87284813,87285885,87317158,87317344,87322837,87325716,87338634,87339281,87342884,87356852,87359998,87367010,87476012,87482356,87549217,87563559,87570442,87635289,87641967	nan	NTRK2	nan	nan	0,0,0,0,0,0,0,0,0,0,0,0,0,0,0,0,0,0,0
7248	TSC1;NM_001162427.2	9	-	135766735	135820003	135766735	135820003	22	135766735,135772560,135772799,135776091,135776965,135777981,135779027,135779787,135780957,135782107,135782677,135785947,135786378,135786829,135787658,135796739,135797195,135798724,135802577,135804143,135810409,135819919	135772151,135772742,135773007,135776234,135777096,135778184,135779214,135779851,135781536,135782232,135782767,135786089,135786510,135786965,135787854,135796833,135797370,135798889,135802701,135804349,135810492,135820003	nan	TSC1	nan	nan	0,0,0,0,0,0,0,0,0,0,0,0,0,0,0,0,0,0,0,0,0,0
2625	GATA3;NM_001002295.2	10	+	8096650	8117161	8096650	8117161	6	8096650,8097239,8100257,8105945,8111425,8115691	8096864,8097869,8100814,8106111,8111571,8117161	nan	GATA3	nan	nan	0,0,0,0,0,0
5979	RET;NM_020630.5	10	+	43572474	43623062	43572474	43623062	19	43572474,43595896,43597779,43600389,43601813,43604468,43606644,43607536,43608290,43608993,43609917,43612021,43613810,43614968,43615518,43617383,43619108,43620320,43622012	43572789,43596180,43598087,43600651,43602029,43604688,43606923,43607682,43608421,43609133,43610194,43612189,43613938,43615203,43615661,43617474,43619266,43620440,43623062	nan	RET	nan	nan	0,0,0,0,0,0,0,0,0,0,0,0,0,0,0,0,0,0,0
5728	PTEN;NM_000314.8	10	+	89623381	89731687	89623381	89731687	9	89623381,89653771,89685259,89690792,89692759,89711864,89717599,89720640,89725033	89624315,89653876,89685324,89690856,89693018,89712026,89717786,89720885,89731687	nan	PTEN	nan	nan	0,0,0,0,0,0,0,0,0
2263	FGFR2;NM_001144913.1	10	-	123241366	123353481	123241366	123353481	17	123241366,123243201,123244898,123246857,123247494,123256035,123257998,123260329,123263293,123274620,123278185,123279482,123298095,123310793,123324005,123324941,123353212	123241701,123243327,123245056,123246948,123247637,123256246,123258129,123260471,123263465,123274843,123278353,123279693,123298239,123310983,123324103,123325228,123353481	nan	FGFR2	nan	nan	0,0,0,0,0,0,0,0,0,0,0,0,0,0,0,0,0
3265	HRAS;NM_005343.4	11	-	532241	535576	532241	535576	6	532241,532620,533442,533755,534201,535405	532532,532765,533622,533954,534385,535576	nan	HRAS	nan	nan	0,0,0,0,0,0
472	ATM;NM_000051.4	11	+	108093793	108239829	108093793	108239829	63	108093793,108098311,108098492,108099894,108106386,108114669,108115504,108117680,108119649,108121417,108122553,108123533,108124530,108126931,108128197,108129702,108137887,108139126,108141780,108141967,108143248,108143438,108150207,108151711,108153426,108154943,108158316,108159693,108160318,108163335,108164029,108165643,108168003,108170430,108172364,108173569,108175391,108178613,108180876,108183127,108186539,108186727,108188089,108190670,108192017,108196026,108196774,108198361,108199737,108200930,108202160,108202595,108203478,108204602,108205685,108206561,108213938,108216459,108217995,108224482,108225527,108235798,108236041	108093923,108098433,108098625,108100060,108106571,108114855,108115763,108117864,108119839,108121809,108122768,108123649,108124776,108127077,108128343,108129812,108138079,108139346,108141883,108142143,108143344,108143589,108150345,108151905,108153616,108155210,108158452,108159840,108160538,108163530,108164214,108165796,108168119,108170622,108172526,108173766,108175589,108178721,108181052,108183235,108186648,108186850,108188258,108190795,108192157,108196281,108196962,108198495,108199975,108201158,108202294,108202774,108203637,108204705,108205846,108206698,108214108,108216645,108218102,108224617,108225611,108235955,108239829	nan	ATM	nan	nan	0,0,0,0,0,0,0,0,0,0,0,0,0,0,0,0,0,0,0,0,0,0,0,0,0,0,0,0,0,0,0,0,0,0,0,0,0,0,0,0,0,0,0,0,0,0,0,0,0,0,0,0,0,0,0,0,0,0,0,0,0,0,0
6392	SDHD;NM_001276503.2	11	+	111957596	111966518	111957596	111966518	3	111957596,111958570,111965518	111957693,111958707,111966518	nan	SDHD	nan	nan	0,0,0
3845	KRAS;NM_004985.5	12	-	25358179	25403863	25358179	25403863	5	25358179,25378537,25380157,25398197,25403674	25362855,25378717,25380356,25398339,25403863	nan	KRAS	nan	nan	0,0,0,0,0
2065	ERBB3;NM_001005915.1	12	+	56473891	56479401	56473891	56479401	3	56473891,56477524,56478768	56474176,56477696,56479401	nan	ERBB3	nan	nan	0,0,0
5426	POLE;NM_006231.4	12	-	133200347	133263928	133200347	133263928	49	133200347,133201480,133202220,133202692,133208890,133209239,133210761,133212467,133214589,133215700,133218222,133218752,133219081,133219395,133219799,133219982,133220412,133225504,133225881,133226252,133233711,133233924,133234443,133235870,133237544,133238102,133240579,133240945,133241877,133244078,133244931,133245210,133245386,133248790,133249202,133249739,133250150,133251973,133252310,133252669,133253121,133253938,133254153,133256072,133256529,133256753,133257182,133257713,133263829	133201406,133201590,133202366,133202913,133209104,133209391,133210974,133212620,133214735,133215894,133218447,133218993,133219325,133219592,133219926,133220156,133220573,133225668,133226111,133226485,133233854,133234025,133234566,133236105,133237760,133238280,133240744,133241058,133242046,133244244,133245098,133245333,133245535,133248918,133249435,133249873,133250303,133252113,133252416,133252800,133253249,133254039,133254315,133256247,133256642,133256818,133257283,133257875,133263928	nan	POLE	nan	nan	0,0,0,0,0,0,0,0,0,0,0,0,0,0,0,0,0,0,0,0,0,0,0,0,0,0,0,0,0,0,0,0,0,0,0,0,0,0,0,0,0,0,0,0,0,0,0,0,0
675	BRCA2;NM_000059.4	13	+	32889644	32974405	32889644	32974405	27	32889644,32890548,32893203,32899202,32900227,32900368,32900625,32903569,32905045,32906398,32910391,32918684,32920953,32928987,32930554,32931868,32936649,32937305,32944528,32945082,32950796,32953443,32953876,32954133,32968815,32971024,32972288	32889814,32890674,32893472,32899331,32900297,32900429,32900760,32903639,32905177,32907534,32915343,32918800,32921043,32929435,32930756,32932076,32936840,32937680,32944704,32945247,32950938,32953662,32954060,32954292,32969080,32971191,32974405	nan	BRCA2	nan	nan	0,0,0,0,0,0,0,0,0,0,0,0,0,0,0,0,0,0,0,0,0,0,0,0,0,0,0
5925	RB1;NM_000321.3	13	+	48877886	49056026	48877886	49056026	27	48877886,48881405,48916724,48919205,48921950,48923081,48934142,48936940,48939019,48941619,48942652,48947530,48951043,48953719,48954178,48954290,48955372,49027118,49030329,49033813,49037856,49039123,49039330,49047485,49050826,49051480,49054123	48878195,48881552,48916860,48919345,48922009,48923169,48934273,48937103,48939117,48941749,48942750,48947638,48951180,48953796,48954230,48954387,48955589,49027257,49030495,49033979,49037981,49039257,49039514,49047536,49050989,49051550,49056026	nan	RB1	nan	nan	0,0,0,0,0,0,0,0,0,0,0,0,0,0,0,0,0,0,0,0,0,0,0,0,0,0,0
207	AKT1;NM_001014431.2	14	-	105235685	105262085	105235685	105262085	14	105235685,105237071,105238691,105239204,105239577,105239781,105240238,105241264,105241402,105241978,105242985,105246414,105258924,105261810	105236767,105237194,105238799,105239439,105239726,105239927,105240327,105241350,105241554,105242146,105243117,105246563,105259069,105262085	nan	AKT1	nan	nan	0,0,0,0,0,0,0,0,0,0,0,0,0,0
5604	MAP2K1;NM_002755.4	15	+	66679249	66783882	66679249	66783882	11	66679249,66727354,66729073,66735607,66736983,66774082,66777317,66779555,66781542,66782045,66782829	66679775,66727585,66729240,66735705,66737055,66774227,66777539,66779640,66781624,66782111,66783882	nan	MAP2K1	nan	nan	0,0,0,0,0,0,0,0,0,0,0
4916	NTRK3;NM_001012338.2	15	-	88419987	88799962	88419987	88799962	20	88419987,88423490,88428914,88472411,88476232,88483843,88576077,88669491,88670382,88671931,88678321,88679119,88679687,88680624,88690555,88726638,88727445,88799126,88799504,88799864	88420361,88423669,88428976,88472675,88476425,88483994,88576286,88669614,88670467,88671975,88678638,88679281,88679850,88680802,88690644,88726730,88727540,88799409,88799727,88799962	nan	NTRK3	nan	nan	0,0,0,0,0,0,0,0,0,0,0,0,0,0,0,0,0,0,0,0
3418	IDH2;NM_001289910.1	15	-	90627210	90643853	90627210	90643853	11	90627210,90628037,90628222,90628496,90630333,90630660,90631580,90631808,90633700,90634774,90643797	90627595,90628150,90628340,90628629,90630505,90630817,90631744,90631989,90633886,90634886,90643853	nan	IDH2	nan	nan	0,0,0,0,0,0,0,0,0,0,0
7249	TSC2;NM_000548.5	16	+	2097985	2139491	2097985	2139491	42	2097985,2098577,2100390,2103332,2104286,2105392,2106186,2106634,2107095,2108737,2110660,2111861,2112487,2112962,2114262,2115509,2120446,2121500,2121774,2122231,2122839,2124190,2125789,2126058,2126481,2127588,2129022,2129266,2129547,2130155,2131585,2132426,2133685,2134218,2134941,2135220,2136183,2136722,2137853,2138038,2138217,2138436	2098076,2098764,2100497,2103463,2104451,2105530,2106255,2106780,2107189,2108884,2110824,2112019,2112611,2113064,2114438,2115646,2120589,2121627,2121945,2122374,2122994,2124400,2125903,2126181,2126596,2127737,2129207,2129439,2129680,2130388,2131809,2132515,2133827,2134726,2135037,2135333,2136390,2136882,2137952,2138150,2138336,2139491	nan	TSC2	nan	nan	0,0,0,0,0,0,0,0,0,0,0,0,0,0,0,0,0,0,0,0,0,0,0,0,0,0,0,0,0,0,0,0,0,0,0,0,0,0,0,0,0,0
79728	PALB2;NM_024675.4	16	-	23614485	23652631	23614485	23652631	13	23614485,23619174,23625314,23632672,23634279,23635319,23637546,23640514,23640950,23646172,23649160,23649380,23652420	23615000,23619343,23625422,23632809,23634461,23635425,23637728,23640606,23641800,23647665,23649283,23649460,23652631	nan	PALB2	nan	nan	0,0,0,0,0,0,0,0,0,0,0,0,0
7157	TP53;NM_001126118.1	17	-	7571719	7590868	7571719	7590868	10	7571719,7573916,7576842,7577008,7577488,7578166,7578360,7579301,7579689,7590684	7573018,7574043,7576936,7577165,7577618,7578299,7578564,7579600,7579950,7590868	nan	TP53	nan	nan	0,0,0,0,0,0,0,0,0,0
4763	NF1;NM_000267.3	17	+	29421944	29704695	29421944	29704695	57	29421944,29482990,29486017,29490193,29496898,29508429,29508717,29509515,29527429,29528044,29528418,29533247,29541458,29546012,29548857,29550451,29552102,29553442,29554225,29554530,29556032,29556842,29557267,29557849,29559080,29559707,29560009,29562618,29562925,29575991,29585351,29586039,29587376,29588718,29592236,29652827,29654506,29657303,29661845,29663340,29663642,29664375,29664826,29665032,29665711,29667512,29670016,29676127,29677190,29679264,29683467,29683967,29684276,29685487,29685976,29687494,29701020	29422397,29483154,29486121,29490404,29497025,29508517,29508813,29509693,29527623,29528187,29528513,29533399,29541613,29546146,29548957,29550595,29552278,29553712,29554319,29554634,29556493,29557002,29557410,29557953,29559217,29559909,29560241,29562800,29563049,29576147,29585530,29586157,29587543,29588885,29592367,29653280,29654867,29657526,29662059,29663501,29663942,29664610,29664908,29665167,29665833,29667673,29670163,29676279,29677346,29679442,29683610,29684118,29684397,29685650,29686043,29687731,29704695	nan	NF1	nan	nan	0,0,0,0,0,0,0,0,0,0,0,0,0,0,0,0,0,0,0,0,0,0,0,0,0,0,0,0,0,0,0,0,0,0,0,0,0,0,0,0,0,0,0,0,0,0,0,0,0,0,0,0,0,0,0,0,0
51755	CDK12;NM_015083.3	17	+	37617738	37690818	37617738	37690818	14	37617738,37627121,37646799,37648993,37650766,37657492,37665947,37667771,37671973,37673682,37676198,37680916,37682106,37686873	37619380,37628026,37646996,37649153,37650957,37657702,37666024,37667893,37672071,37673819,37676350,37681148,37682579,37690818	nan	CDK12	nan	nan	0,0,0,0,0,0,0,0,0,0,0,0,0,0
2064	ERBB2;NM_001289936.2	17	+	37844346	37884911	37844346	37884911	31	37844346,37844938,37849503,37851230,37855779,37863232,37864563,37865560,37866055,37866328,37866582,37868170,37868564,37871528,37871688,37871982,37872543,37872757,37873562,37876029,37879561,37879780,37880154,37880968,37881291,37881569,37881949,37882804,37883057,37883537,37883931	37844541,37845063,37849588,37851444,37855850,37863404,37864797,37865715,37866144,37866464,37866744,37868310,37868711,37871622,37871799,37872202,37872696,37872868,37873743,37876097,37879720,37879923,37880273,37881174,37881467,37881665,37882116,37882922,37883266,37883810,37884911	nan	ERBB2	nan	nan	0,0,0,0,0,0,0,0,0,0,0,0,0,0,0,0,0,0,0,0,0,0,0,0,0,0,0,0,0,0,0
672	BRCA1;NM_007294.4	17	-	41196311	41277381	41196311	41277381	23	41196311,41199649,41201127,41203069,41209058,41215339,41215880,41219614,41222934,41226337,41228494,41234410,41242950,41243441,41247852,41249250,41251781,41256128,41256874,41258462,41267732,41276023,41277277	41197829,41199730,41201221,41203144,41209162,41215400,41215978,41219722,41223265,41226548,41228641,41234602,41243059,41246887,41247949,41249316,41251907,41256288,41256983,41258560,41267806,41276142,41277381	nan	BRCA1	nan	nan	0,0,0,0,0,0,0,0,0,0,0,0,0,0,0,0,0,0,0,0,0,0,0
4089	SMAD4;NM_005359.6	18	+	48556582	48611411	48556582	48611411	12	48556582,48573279,48575045,48575654,48581140,48584484,48584699,48586225,48591782,48593378,48602997,48604615	48557003,48573675,48575240,48575704,48581373,48584624,48584836,48586296,48591986,48593567,48603156,48611411	nan	SMAD4	nan	nan	0,0,0,0,0,0,0,0,0,0,0,0
5605	MAP2K2;NM_030662.4	19	-	4090319	4124119	4090319	4124119	11	4090319,4094440,4095375,4097266,4099188,4101006,4101216,4102363,4110496,4117406,4123770	4090716,4094506,4095457,4097351,4099422,4101151,4101288,4102461,4110663,4117637,4124119	nan	MAP2K2	nan	nan	0,0,0,0,0,0,0,0,0,0,0
6597	SMARCA4;NM_001128845.2	19	+	11094799	11172947	11094799	11172947	33	11094799,11095938,11096854,11097570,11098331,11099982,11101815,11105493,11106878,11107159,11113694,11114005,11118567,11121046,11123614,11129622,11130256,11132390,11134183,11134996,11136087,11136965,11138449,11141395,11143955,11144788,11145579,11151963,11168920,11169453,11170418,11170710,11172449	11095059,11096091,11097279,11097689,11098610,11100129,11102009,11105687,11107066,11107230,11113845,11114083,11118709,11121217,11123798,11129709,11130387,11132653,11134317,11135124,11136194,11137032,11138636,11141579,11144203,11144886,11145818,11152246,11169049,11169575,11170571,11170873,11172947	nan	SMARCA4	nan	nan	0,0,0,0,0,0,0,0,0,0,0,0,0,0,0,0,0,0,0,0,0,0,0,0,0,0,0,0,0,0,0,0,0
5424	POLD1;NM_002691.4	19	+	50887603	50921271	50887603	50921271	27	50887603,50902097,50902617,50905024,50905245,50905451,50905700,50905858,50906299,50906739,50909428,50909653,50910229,50910573,50912031,50912368,50912765,50916672,50916988,50918061,50918684,50918970,50919642,50919856,50920291,50920418,50921088	50887657,50902320,50902751,50905191,50905391,50905640,50905802,50906008,50906486,50906864,50909589,50909784,50910441,50910682,50912168,50912502,50912933,50916788,50917146,50918257,50918857,50919093,50919795,50919990,50920364,50920536,50921271	nan	POLD1	nan	nan	0,0,0,0,0,0,0,0,0,0,0,0,0,0,0,0,0,0,0,0,0,0,0,0,0,0,0
2778	GNAS;NM_016592.5	20	+	57414802	57486247	57414802	57486247	13	57414802,57470656,57473985,57478572,57478716,57480427,57484206,57484394,57484565,57484728,57484995,57485378,57485727	57415951,57470749,57474050,57478650,57478856,57480545,57484281,57484488,57484644,57484869,57485146,57485466,57486247	nan	GNAS	nan	nan	0,0,0,0,0,0,0,0,0,0,0,0,0
11200	CHEK2;NM_145862.2	22	-	29083730	29137822	29083730	29137822	14	29083730,29085112,29090009,29091104,29091687,29095815,29099482,29105983,29107886,29115372,29120954,29121220,29130380,29137746	29083984,29085213,29090115,29091240,29091871,29095935,29099564,29106057,29108015,29115483,29121122,29121365,29130725,29137822	nan	CHEK2	nan	nan	0,0,0,0,0,0,0,0,0,0,0,0,0,0
369	ARAF;NM_001256196.1	X	+	47420498	47431320	47420498	47431320	16	47420498,47422297,47422614,47424185,47424373,47424631,47426027,47426272,47426374,47426618,47428106,47428375,47428927,47429281,47430266,47430711	47420660,47422472,47422738,47424308,47424548,47424759,47426189,47426320,47426540,47426841,47428303,47428442,47429066,47429433,47430421,47431320	nan	ARAF	nan	nan	0,0,0,0,0,0,0,0,0,0,0,0,0,0,0,0
367	AR;NM_000044.6	X	+	66763862	66950461	66763862	66950461	8	66763862,66863087,66905841,66931233,66937309,66941664,66942658,66943517	66766614,66863259,66905978,66931541,66937474,66941815,66942836,66950461	nan	AR	nan	nan	0,0,0,0,0,0,0,0
