#bin	name	chrom	strand	txStart	txEnd	cdsStart	cdsEnd	exonCount	exonStarts	exonSEnds	score	name2	cdsStartStat	cdsEndStat	exonFrames
57449	PLEKHG5;NM_020631.6	1	-	6527592	6537661	6527592	6537661	20	6527592,6527854,6529071,6529364,6529573,6530265,6530535,6530764,6531019,6531517,6531787,6532556,6533015,6533280,6534042,6534480,6535076,6535491,6535960,6537558	6527662,6528676,6529331,6529540,6529766,6530445,6530733,6530974,6531190,6531727,6531898,6532712,6533264,6533544,6534254,6534677,6535228,6535612,6536126,6537661	nan	PLEKHG5	nan	nan	0,0,0,0,0,0,0,0,0,0,0,0,0,0,0,0,0,0,0,0
9927	MFN2;NM_014874.4	1	+	12049195	12071652	12049195	12071652	17	12049195,12052581,12056182,12057323,12058796,12059014,12061427,12061795,12062008,12064018,12064535,12064851,12065737,12066564,12067079,12069618,12071522	12049430,12052777,12056405,12057508,12058965,12059182,12061641,12061923,12062190,12064205,12064700,12065014,12066018,12066780,12067336,12069813,12071652	nan	MFN2	nan	nan	0,0,0,0,0,0,0,0,0,0,0,0,0,0,0,0,0
4803	NGF;NM_002506.3	1	-	115828660	115829446	115828660	115829446	1	115828660	115829446	nan	NGF	nan	nan	0
476	ATP1A1;NM_000701.8	1	+	116916103	116947096	116916103	116947096	23	116916103,116926605,116927374,116929879,116930722,116931229,116931493,116932030,116932804,116933373,116935445,116936122,116937701,116939189,116940479,116941212,116941521,116942011,116943452,116943721,116944145,116946475,116947007	116916175,116926776,116927494,116930143,116930896,116931424,116931671,116932359,116933063,116933543,116935640,116936375,116937937,116939386,116940690,116941441,116941736,116942195,116943658,116943912,116944307,116946627,116947096	nan	ATP1A1	nan	nan	0,0,0,0,0,0,0,0,0,0,0,0,0,0,0,0,0,0,0,0,0,0,0
4000	LMNA;NM_170707.4	1	+	156084679	156108927	156084679	156108927	12	156084679,156100377,156104163,156104565,156104947,156105661,156105974,156106681,156106873,156107414,156108248,156108840	156085095,156100594,156104349,156104796,156105133,156105942,156106257,156106849,156107053,156107564,156108578,156108927	nan	LMNA	nan	nan	0,0,0,0,0,0,0,0,0,0,0,0
4914	NTRK1;NM_001007792.1NTRK1;NM_001012331.1NTRK1;NM_002529.3	1	+	156785591	156851464	156785591	156851464	50	156785591,156811842,156830696,156830696,156834115,156834115,156834115,156834489,156834489,156834489,156836671,156836671,156836671,156837865,156837865,156837865,156838266,156838266,156838266,156841384,156841384,156841384,156843394,156843394,156843394,156844144,156844332,156844332,156844332,156844667,156844667,156844667,156845281,156845281,156845281,156845841,156845841,156845841,156846161,156846161,156846161,156848883,156848883,156848883,156849760,156849760,156849760,156851218,156851218,156851218	156785660,156812015,156830968,156830968,156834250,156834250,156834250,156834621,156834621,156834621,156836800,156836800,156836800,156838071,156838071,156838071,156838469,156838469,156838469,156841577,156841577,156841577,156843781,156843781,156843781,156844222,156844448,156844448,156844448,156844830,156844830,156844830,156845488,156845488,156845488,156846032,156846032,156846032,156846394,156846394,156846394,156849184,156849184,156849184,156849979,156849979,156849979,156851464,156851464,156851464	nan	NTRK1	nan	nan	0,0,0,0,0,0,0,0,0,0,0,0,0,0,0,0,0,0,0,0,0,0,0,0,0,0,0,0,0,0,0,0,0,0,0,0,0,0,0,0,0,0,0,0,0,0,0,0,0,0
5498	PPOX;NM_001122764.3	1	+	161136607	161140996	161136607	161140996	12	161136607,161136859,161137130,161137754,161138191,161138752,161139419,161139665,161140168,161140379,161140666,161140793	161136754,161137054,161137306,161137947,161138396,161139003,161139540,161139844,161140339,161140589,161140769,161140996	nan	PPOX	nan	nan	0,0,0,0,0,0,0,0,0,0,0,0
4359	MPZ;NM_000530.8	1	-	161275635	161279725	161275635	161279725	6	161275635,161275867,161276088,161276467,161277017,161279598	161275797,161275988,161276284,161276741,161277244,161279725	nan	MPZ	nan	nan	0,0,0,0,0,0
4358	MPV17;NM_002437.5	2	-	27532749	27545414	27532749	27545414	7	27532749,27534736,27535051,27535330,27535516,27535830,27545284	27532879,27534849,27535144,27535486,27535669,27536006,27545414	nan	MPV17	nan	nan	0,0,0,0,0,0,0
1639	DCTN1;NM_004082.5	2	-	74588595	74607194	74588595	74607194	32	74588595,74589148,74589746,74590090,74590390,74590710,74592171,74592611,74592989,74593340,74593555,74593879,74594141,74594448,74594792,74595067,74595824,74596194,74596396,74597061,74597282,74597562,74597717,74598075,74598633,74600024,74601419,74603838,74604528,74604744,74605096,74607101	74588793,74589298,74589886,74590334,74590584,74590785,74592398,74592814,74593175,74593532,74593777,74594089,74594264,74594577,74595021,74595288,74596037,74596371,74596648,74597226,74597502,74597701,74597982,74598333,74598885,74600105,74601497,74603919,74604623,74604883,74605402,74607194	nan	DCTN1	nan	nan	0,0,0,0,0,0,0,0,0,0,0,0,0,0,0,0,0,0,0,0,0,0,0,0,0,0,0,0,0,0,0,0
65055	REEP1;NM_001164730.2REEP1;NM_022912.3	2	-	86444192	86565229	86444192	86565229	14	86444192,86444192,86459717,86459717,86479049,86479049,86481786,86481786,86491057,86491057,86509262,86509262,86564571,86565116	86444263,86444263,86459955,86459955,86479223,86479223,86481967,86481967,86491194,86491194,86509395,86509395,86564663,86565229	nan	REEP1	nan	nan	0,0,0,0,0,0,0,0,0,0,0,0,0,0
60482	SLC5A7;NM_021815.5	2	+	108604581	108627347	108604581	108627347	8	108604581,108608531,108609397,108614263,108618322,108622474,108624890,108626657	108604819,108608705,108609613,108614472,108618526,108622688,108625168,108627347	nan	SLC5A7	nan	nan	0,0,0,0,0,0,0,0
6335	SCN9A;NM_002977.3	2	-	167055151	167168296	167055151	167168296	26	167055151,167060434,167060839,167083046,167084149,167085170,167089819,167094573,167098981,167108244,167128878,167133462,167134619,167136836,167138158,167140965,167142815,167144916,167149710,167151078,167159569,167160717,167162271,167162989,167163435,167167978	167056404,167060765,167061004,167083244,167084263,167085512,167090002,167094807,167099196,167108425,167129415,167133879,167134853,167137135,167138348,167141364,167143163,167145183,167149912,167151202,167159842,167160869,167162460,167163139,167163614,167168296	nan	SCN9A	nan	nan	0,0,0,0,0,0,0,0,0,0,0,0,0,0,0,0,0,0,0,0,0,0,0,0,0,0
1593	CYP27A1;NM_000784.4	2	+	219646875	219679783	219646875	219679783	9	219646875,219674269,219676914,219677244,219677616,219678713,219679072,219679237,219679603	219647190,219674520,219677174,219677502,219677849,219678940,219679211,219679510,219679783	nan	CYP27A1	nan	nan	0,0,0,0,0,0,0,0,0
3300	DNAJB2;NM_001039550.2	2	+	220144525	220150749	220144525	220150749	9	220144525,220145269,220146409,220146630,220147528,220147824,220148110,220149323,220150678	220144650,220145439,220146523,220146813,220147681,220147987,220148241,220149587,220150749	nan	DNAJB2	nan	nan	0,0,0,0,0,0,0,0,0
547	KIF1A;NM_001244008.2KIF1A;NM_004321.8	2	-	241656750	241737199	241656750	241737199	94	241656750,241656750,241657436,241657436,241658392,241658392,241659160,241659160,241660300,241660300,241661193,241661193,241661842,241661842,241662799,241662799,241663361,241663361,241664657,241664657,241666212,241666212,241676449,241676449,241679444,241679444,241679684,241679684,241680655,241680655,241682315,241682315,241683328,241683328,241684813,241684813,241685124,241685124,241685425,241685425,241686622,241686622,241689815,241689815,241696705,241697746,241697746,241700051,241700051,241700615,241700615,241702105,241702105,241702405,241702405,241702552,241702552,241705096,241705096,241706301,241706301,241706652,241706652,241708519,241708519,241709013,241709013,241710357,241710357,241711956,241712500,241712500,241713569,241713569,241715237,241715237,241721976,241721976,241722430,241722430,241723125,241723125,241724375,241724375,241725721,241725721,241726637,241726637,241727437,241727437,241728622,241728622,241737033,241737033	241656853,241656853,241657615,241657615,241658645,241658645,241659373,241659373,241660485,241660485,241661331,241661331,241662103,241662103,241663005,241663005,241663483,241663483,241664851,241664851,241666387,241666387,241676615,241676615,241679589,241679589,241679811,241679811,241680824,241680824,241682431,241682431,241683507,241683507,241684964,241684964,241685356,241685356,241685624,241685624,241686768,241686768,241689994,241689994,241697041,241697944,241697944,241700290,241700290,241700824,241700824,241702259,241702259,241702538,241702538,241702793,241702793,241705240,241705240,241706468,241706468,241706792,241706792,241708655,241708655,241709153,241709153,241710551,241710551,241712043,241712703,241712703,241713708,241713708,241715373,241715373,241722054,241722054,241722556,241722556,241723263,241723263,241724547,241724547,241725960,241725960,241726763,241726763,241727677,241727677,241728759,241728759,241737199,241737199	nan	KIF1A	nan	nan	0,0,0,0,0,0,0,0,0,0,0,0,0,0,0,0,0,0,0,0,0,0,0,0,0,0,0,0,0,0,0,0,0,0,0,0,0,0,0,0,0,0,0,0,0,0,0,0,0,0,0,0,0,0,0,0,0,0,0,0,0,0,0,0,0,0,0,0,0,0,0,0,0,0,0,0,0,0,0,0,0,0,0,0,0,0,0,0,0,0,0,0,0,0
6336	SCN10A;NM_006514.3	3	-	38738809	38835531	38738809	38835531	27	38738809,38743299,38748739,38750938,38752304,38753621,38755418,38760113,38763718,38764890,38766634,38768066,38770002,38780975,38783751,38791533,38793679,38797248,38798134,38798478,38802141,38802652,38804965,38812739,38830416,38833510,38835201	38740083,38743630,38748904,38751136,38752418,38753966,38755601,38760347,38763933,38765074,38766835,38768573,38770422,38781209,38784050,38791705,38794033,38797479,38798392,38798680,38802268,38802904,38805117,38812928,38830557,38833689,38835531	nan	SCN10A	nan	nan	0,0,0,0,0,0,0,0,0,0,0,0,0,0,0,0,0,0,0,0,0,0,0,0,0,0,0
11280	SCN11A;NM_014139.3	3	-	38888154	38991883	38888154	38991883	26	38888154,38891941,38904655,38908781,38912151,38912905,38913653,38921410,38924693,38926748,38927585,38935993,38938305,38941354,38945325,38946652,38949409,38950457,38951526,38961395,38962536,38966875,38968263,38986871,38988247,38991556	38889263,38892272,38904820,38908979,38912265,38913229,38913815,38921644,38924908,38926923,38927759,38936485,38938746,38941594,38945624,38946842,38949643,38950715,38951728,38961522,38962776,38967030,38968452,38987031,38988428,38991883	nan	SCN11A	nan	nan	0,0,0,0,0,0,0,0,0,0,0,0,0,0,0,0,0,0,0,0,0,0,0,0,0,0
1371	CPOX;NM_000097.7	3	-	98299496	98312378	98299496	98312378	7	98299496,98300220,98304254,98307526,98309445,98309825,98311762	98299644,98300385,98304533,98307728,98309616,98310029,98312378	nan	CPOX	nan	nan	0,0,0,0,0,0,0
10342	TFG;NM_006070.6	3	+	100432499	100467405	100432499	100467405	7	100432499,100438788,100447525,100451321,100455389,100463646,100466962	100432743,100438932,100447732,100451546,100455590,100463805,100467405	nan	TFG	nan	nan	0,0,0,0,0,0,0
7879	RAB7A;NM_004637.6	3	+	128514180	128532295	128514180	128532295	5	128514180,128516755,128525184,128526355,128532139	128514293,128516942,128525463,128526544,128532295	nan	RAB7A	nan	nan	0,0,0,0,0
4311	MME;NM_000902.4	3	+	154801926	154898278	154801926	154898278	22	154801926,154802817,154832752,154834237,154834422,154834626,154836504,154855860,154857949,154859749,154859995,154861201,154862117,154864902,154866308,154878148,154884660,154886250,154886490,154889875,154890294,154898118	154802146,154802913,154832974,154834378,154834578,154834805,154836630,154856055,154858111,154859946,154860149,154861390,154862276,154865043,154866472,154878267,154884840,154886444,154886616,154890031,154890431,154898278	nan	MME	nan	nan	0,0,0,0,0,0,0,0,0,0,0,0,0,0,0,0,0,0,0,0,0,0
59345	GNB4;NM_021629.4	3	-	179118970	179144018	179118970	179144018	9	179118970,179122947,179131169,179131472,179132642,179134250,179137156,179138646,179143901	179119137,179123224,179131431,179131599,179132865,179134374,179137323,179138745,179144018	nan	GNB4	nan	nan	0,0,0,0,0,0,0,0,0
23321	TRIM2;NM_015271.5	4	+	154125652	154256148	154125652	154256148	12	154125652,154191456,154197014,154214103,154215426,154216434,154236606,154236953,154243769,154245199,154249651,154255935	154125742,154191701,154197312,154214315,154215667,154217218,154236770,154237181,154243998,154245330,154249852,154256148	nan	TRIM2	nan	nan	0,0,0,0,0,0,0,0,0,0,0,0
54463	RETREG1;NM_001034850.2	5	-	16474819	16617110	16474819	16617110	9	16474819,16477740,16478112,16478928,16481087,16483424,16565841,16572074,16616730	16475373,16477927,16478237,16479126,16481232,16483611,16565932,16572241,16617110	nan	RETREG1	nan	nan	0,0,0,0,0,0,0,0,0
3094	HINT1;NM_005340.7	5	-	130495109	130500928	130495109	130500928	3	130495109,130498234,130500757	130495334,130498399,130500928	nan	HINT1	nan	nan	0,0,0
79628	SH3TC2;NM_024577.4	5	-	148384243	148442615	148384243	148442615	17	148384243,148386413,148388383,148389802,148392116,148406104,148406392,148408209,148411086,148417827,148420136,148420948,148422226,148424065,148427394,148431674,148442503	148384495,148386670,148388594,148389985,148392327,148406345,148408147,148408311,148411280,148418083,148420270,148421210,148422430,148424231,148427582,148431833,148442615	nan	SH3TC2	nan	nan	0,0,0,0,0,0,0,0,0,0,0,0,0,0,0,0,0
667	DST;NM_001723.6	6	-	56480284	56507616	56480284	56507616	24	56480284,56482753,56489297,56489924,56491971,56492766,56494017,56495012,56495978,56496650,56497621,56498899,56499229,56499568,56500356,56501324,56504026,56504217,56504463,56504696,56504910,56506714,56507177,56507389	56482246,56485543,56489456,56490092,56492115,56492989,56494271,56495211,56496217,56496868,56497865,56499086,56499444,56499781,56500542,56501480,56504191,56504439,56504601,56504885,56505433,56506929,56507331,56507616	nan	DST	nan	nan	0,0,0,0,0,0,0,0,0,0,0,0,0,0,0,0,0,0,0,0,0,0,0,0
9896	FIG4;NM_014845.6	6	+	110012608	110146498	110012608	110146498	23	110012608,110036250,110037617,110048281,110053809,110056322,110059497,110062616,110064282,110064847,110081422,110083263,110085109,110086185,110087901,110098094,110106142,110107474,110110766,110112548,110113754,110117937,110146260	110012734,110036409,110037801,110048498,110053920,110056531,110059686,110062777,110064505,110065005,110081616,110083440,110085215,110086394,110088128,110098293,110106261,110107682,110110910,110112804,110113897,110118084,110146498	nan	FIG4	nan	nan	0,0,0,0,0,0,0,0,0,0,0,0,0,0,0,0,0,0,0,0,0,0,0
3315	HSPB1;NM_001540.5	7	+	75931999	75933520	75931999	75933520	3	75931999,75933088,75933270	75932423,75933212,75933520	nan	HSPB1	nan	nan	0,0,0
4747	NEFL;NM_006158.5	8	-	24810292	24814059	24810292	24814059	5	24810292,24810958,24811035,24811664,24812955	24810495,24811094,24811339,24811849,24814059	nan	NEFL	nan	nan	0,0,0,0,0
54332	GDAP1;NM_018972.4	8	+	75262666	75276632	75262666	75276632	6	75262666,75263478,75272341,75274088,75275143,75276189	75262843,75263731,75272575,75274243,75275318,75276632	nan	GDAP1	nan	nan	0,0,0,0,0,0
5375	PMP2;NM_002677.5	8	-	82355602	82359651	82355602	82359651	4	82355602,82356704,82357021,82359518	82355713,82356866,82357254,82359651	nan	PMP2	nan	nan	0,0,0,0
10397	NDRG1;NM_006096.4	8	-	134251090	134296584	134251090	134296584	15	134251090,134254235,134256567,134258828,134260087,134260927,134262652,134266751,134268989,134270578,134271380,134274259,134276759,134292444,134296461	134251392,134254347,134256663,134258936,134260199,134261044,134262816,134266868,134269136,134270699,134271503,134274440,134276925,134292540,134296584	nan	NDRG1	nan	nan	0,0,0,0,0,0,0,0,0,0,0,0,0,0,0
79581	SLC52A2;NM_024531.5	8	+	145582923	145584705	145582923	145584705	4	145582923,145583252,145584219,145584432	145583113,145584183,145584403,145584705	nan	SLC52A2	nan	nan	0,0,0,0
10280	SIGMAR1;NM_005866.4	9	-	34635598	34637724	34635598	34637724	4	34635598,34636963,34637186,34637513	34635885,34637116,34637447,34637724	nan	SIGMAR1	nan	nan	0,0,0,0
10558	SPTLC1;NM_006415.4	9	-	94794716	94877682	94794716	94877682	15	94794716,94797061,94800499,94808250,94809423,94809864,94812211,94817656,94821430,94830217,94842267,94843121,94870991,94874706,94877565	94794870,94797195,94800677,94808365,94809580,94810020,94812379,94817806,94821620,94830410,94842400,94843275,94871146,94874874,94877682	nan	SPTLC1	nan	nan	0,0,0,0,0,0,0,0,0,0,0,0,0,0,0
23299	BICD2;NM_001003800.2	9	-	95477405	95527056	95477405	95527056	7	95477405,95480048,95480790,95482551,95484907,95491275,95526756	95477775,95480260,95481894,95483067,95485120,95491548,95527056	nan	BICD2	nan	nan	0,0,0,0,0,0,0
19	ABCA1;NM_005502.4	9	-	107546565	107665990	107546565	107665990	49	107546565,107547646,107548548,107549123,107550170,107550676,107553172,107554186,107555036,107555421,107556637,107558303,107558559,107560671,107562069,107562760,107564304,107565534,107566876,107568491,107571716,107573050,107574824,107576368,107576677,107578393,107579582,107580913,107581836,107582177,107583625,107584746,107586715,107587933,107589198,107591166,107593175,107593872,107594824,107599230,107599678,107602529,107607727,107620772,107623929,107645289,107646677,107651352,107665864	107546766,107547950,107548701,107549287,107550365,107550878,107553339,107554309,107555217,107555611,107556821,107558508,107558735,107560909,107562299,107562895,107564470,107565627,107567031,107568741,107571875,107573235,107575033,107576542,107576786,107578656,107579715,107581194,107582034,107582380,107583817,107584978,107586889,107588198,107589480,107591449,107593412,107594138,107595082,107599407,107599878,107602830,107607880,107621009,107624111,107645468,107646879,107651506,107665990	nan	ABCA1	nan	nan	0,0,0,0,0,0,0,0,0,0,0,0,0,0,0,0,0,0,0,0,0,0,0,0,0,0,0,0,0,0,0,0,0,0,0,0,0,0,0,0,0,0,0,0,0,0,0,0,0
8518	ELP1;NM_003640.5	9	-	111631364	111693456	111631364	111693456	36	111631364,111637144,111640244,111640872,111641695,111642301,111643954,111644374,111651581,111653452,111655235,111656192,111658745,111659202,111659397,111660751,111660920,111662071,111662509,111663674,111663877,111665088,111665812,111668552,111670554,111673259,111674513,111678453,111679796,111681060,111681502,111685091,111688772,111689621,111692018,111693246	111631492,111637280,111640459,111641060,111641867,111642475,111644075,111644497,111651703,111653714,111655393,111656376,111658954,111659348,111659595,111660891,111661059,111662205,111662685,111663840,111663991,111665252,111665979,111668795,111670714,111673490,111674804,111678607,111679980,111681211,111681659,111685237,111688913,111689763,111692231,111693456	nan	ELP1	nan	nan	0,0,0,0,0,0,0,0,0,0,0,0,0,0,0,0,0,0,0,0,0,0,0,0,0,0,0,0,0,0,0,0,0,0,0,0
90678	LRSAM1;NM_138361.5	9	+	130216776	130265208	130216776	130265208	24	130216776,130217246,130217824,130219564,130221251,130223421,130224500,130229988,130236049,130241182,130241631,130242087,130243431,130245198,130247984,130249924,130251692,130253463,130255050,130257568,130258212,130259501,130263258,130265022	130216908,130217363,130217929,130219702,130221380,130223566,130224682,130230139,130236240,130241272,130241814,130242287,130243536,130245329,130248144,130250072,130251827,130253604,130255206,130257727,130258404,130259643,130263452,130265208	nan	LRSAM1	nan	nan	0,0,0,0,0,0,0,0,0,0,0,0,0,0,0,0,0,0,0,0,0,0,0,0
59335	PRDM12;NM_021619.3	9	+	133540010	133557086	133540010	133557086	5	133540010,133541964,133543514,133553885,133556604	133540293,133542215,133543730,133554057,133557086	nan	PRDM12	nan	nan	0,0,0,0,0
23064	SETX;NM_015046.7	9	-	135139595	135224845	135139595	135224845	24	135139595,135144971,135147066,135150612,135152416,135153426,135156823,135158620,135161779,135163592,135163906,135171228,135172243,135173436,135175986,135187113,135201680,135206408,135206633,135209964,135211652,135218046,135221617,135224608	135140402,135145119,135147225,135150837,135152569,135153674,135156991,135158830,135161911,135163768,135164068,135171445,135172471,135173729,135176220,135187273,135205916,135206556,135206865,135210144,135211932,135218216,135221888,135224845	nan	SETX	nan	nan	0,0,0,0,0,0,0,0,0,0,0,0,0,0,0,0,0,0,0,0,0,0,0,0
1959	EGR2;NM_000399.5	10	-	64572936	64575819	64572936	64575819	2	64572936,64575590	64574258,64575819	nan	EGR2	nan	nan	0,0
3098	HK1;NM_033500.2	10	+	71060560	71160921	71060560	71160921	18	71060560,71103552,71119622,71124508,71128261,71128962,71129166,71136659,71139587,71142212,71144058,71144521,71146048,71148922,71151850,71154675,71158320,71160716	71060647,71103775,71119831,71124688,71128417,71129122,71129410,71136875,71139881,71142577,71144267,71144701,71146204,71149082,71152094,71154891,71158614,71160921	nan	HK1	nan	nan	0,0,0,0,0,0,0,0,0,0,0,0,0,0,0,0,0,0
81846	SBF2;NM_030962.3	11	-	9801934	10315646	9801934	10315646	40	9801934,9803023,9805867,9806641,9809150,9810625,9812072,9817347,9829516,9830417,9834048,9838356,9850872,9853740,9861014,9864141,9867081,9868472,9871539,9874192,9875056,9877974,9879742,9917459,9983473,9985289,9989857,10011013,10013931,10014506,10015437,10019782,10022430,10024073,10049968,10051281,10052564,10064360,10215418,10315531	9802093,9803215,9806015,9806895,9809315,9810919,9812260,9817534,9829762,9830579,9834285,9838601,9851073,9853997,9861273,9864347,9867317,9868660,9871795,9874326,9875289,9878297,9879973,9917588,9983683,9985459,9990122,10011172,10014120,10014680,10015575,10019956,10022599,10024266,10050134,10051452,10052747,10064558,10215564,10315646	nan	SBF2	nan	nan	0,0,0,0,0,0,0,0,0,0,0,0,0,0,0,0,0,0,0,0,0,0,0,0,0,0,0,0,0,0,0,0,0,0,0,0,0,0,0,0
26580	BSCL2;NM_001122955.3BSCL2;NM_032667.6	11	-	62457808	62474697	62457808	62474697	21	62457808,62457808,62458053,62458053,62458228,62458228,62458516,62458516,62458721,62458721,62459817,62459817,62460104,62460104,62462009,62462009,62469909,62469909,62472742,62472742,62474550	62458023,62458023,62458194,62458194,62458369,62458369,62458643,62458643,62458923,62458923,62459975,62459975,62460299,62460299,62462213,62462213,62470051,62470051,62473014,62473119,62474697	nan	BSCL2	nan	nan	0,0,0,0,0,0,0,0,0,0,0,0,0,0,0,0,0,0,0,0,0
3508	IGHMBP2;NM_002180.3	11	+	68671390	68707229	68671390	68707229	15	68671390,68673506,68675582,68675971,68678877,68682260,68685173,68696620,68700736,68701232,68701901,68702736,68703674,68705619,68706971	68671536,68673736,68675835,68676129,68679101,68682521,68685381,68696855,68700979,68701411,68702056,68702920,68704589,68705852,68707229	nan	IGHMBP2	nan	nan	0,0,0,0,0,0,0,0,0,0,0,0,0,0,0
8898	MTMR2;NM_016156.6	11	-	95568423	95657148	95568423	95657148	15	95568423,95569281,95571227,95574750,95578086,95580847,95582807,95583733,95590685,95591664,95595125,95595405,95598734,95621289,95657008	95568645,95569518,95571401,95574903,95578353,95581093,95583056,95583943,95590829,95591826,95595296,95595560,95598870,95621455,95657148	nan	MTMR2	nan	nan	0,0,0,0,0,0,0,0,0,0,0,0,0,0,0
3145	HMBS;NM_000190.4	11	+	118955713	118964023	118955713	118964023	14	118955713,118958934,118959314,118959761,118959896,118960362,118960669,118960869,118962092,118962804,118963083,118963437,118963614,118963789	118955806,118959048,118959447,118959871,118960012,118960500,118960807,118961005,118962266,118962903,118963263,118963551,118963761,118964023	nan	HMBS	nan	nan	0,0,0,0,0,0,0,0,0,0,0,0,0,0
65125	WNK1;NM_018979.4WNK1;NM_213655.4	12	+	862701	1017988	862701	1017988	56	862701,862701,922777,922777,936177,936177,939138,939138,966296,966296,968380,968380,970148,970148,971218,971218,974245,977001,980400,980400,987347,987347,988708,989856,990827,990827,991046,991046,992078,992078,992530,992530,992909,992909,993256,993256,993784,993784,996356,996356,998275,998275,999588,999588,1003697,1003697,1005206,1005206,1006614,1006614,1009611,1009611,1016982,1016982,1017610,1017610	863520,863520,923010,923010,936458,936458,939356,939356,966445,966445,968660,968660,970539,970539,971466,971466,974560,978300,980544,980544,987557,987557,989227,990195,990985,990985,991269,991269,992255,992255,992764,992764,993027,993027,993439,993439,995280,995280,996500,996500,998419,998419,999709,999709,1003831,1003831,1005928,1005928,1006877,1006877,1009866,1009866,1017230,1017230,1017988,1017988	nan	WNK1	nan	nan	0,0,0,0,0,0,0,0,0,0,0,0,0,0,0,0,0,0,0,0,0,0,0,0,0,0,0,0,0,0,0,0,0,0,0,0,0,0,0,0,0,0,0,0,0,0,0,0,0,0,0,0,0,0,0,0
121512	FGD4;NM_001304480.1FGD4;NM_001304481.1FGD4;NM_139241.3	12	+	32639037	32793497	32639037	32793497	49	32639037,32687311,32717040,32717040,32729169,32729169,32729261,32734863,32734863,32734863,32751400,32751400,32751400,32754181,32754181,32754181,32755064,32755064,32755064,32760860,32760860,32760860,32763679,32763679,32763679,32764040,32764040,32764040,32772601,32772601,32772601,32777325,32777325,32777325,32777879,32777879,32777879,32778557,32778557,32778557,32786452,32786452,32786452,32791558,32791558,32791558,32793179,32793179,32793179	32639107,32687462,32717253,32717253,32729413,32729413,32729413,32735431,32735431,32735431,32751550,32751550,32751550,32754387,32754387,32754387,32755281,32755281,32755281,32761059,32761059,32761059,32763798,32763798,32763798,32764247,32764247,32764247,32772834,32772834,32772834,32777416,32777416,32777416,32778032,32778032,32778032,32778743,32778743,32778743,32786653,32786653,32786653,32791759,32791759,32791759,32793497,32793497,32793497	nan	FGD4	nan	nan	0,0,0,0,0,0,0,0,0,0,0,0,0,0,0,0,0,0,0,0,0,0,0,0,0,0,0,0,0,0,0,0,0,0,0,0,0,0,0,0,0,0,0,0,0,0,0,0,0
3798	KIF5A;NM_004984.4	12	+	57944024	57976992	57944024	57976992	28	57944024,57957191,57957372,57957860,57958212,57958670,57960878,57961246,57962715,57963008,57963287,57963739,57965073,57965813,57966332,57968836,57969392,57969839,57970021,57970513,57971465,57971761,57971990,57974708,57975167,57975622,57976354,57976853	57944213,57957339,57957506,57958025,57958321,57958786,57961026,57961431,57962880,57963217,57963496,57963975,57965202,57966080,57966539,57969085,57969570,57969964,57970191,57970675,57971586,57971893,57972155,57974985,57975381,57975765,57976442,57976992	nan	KIF5A	nan	nan	0,0,0,0,0,0,0,0,0,0,0,0,0,0,0,0,0,0,0,0,0,0,0,0,0,0,0,0
59341	TRPV4;NM_021625.5	12	-	110221395	110252631	110221395	110252631	15	110221395,110222090,110224484,110226174,110230137,110230426,110231301,110231704,110232103,110234299,110236388,110238392,110240765,110246070,110252185	110221613,110222272,110224672,110226551,110230264,110230652,110231435,110231857,110232322,110234539,110236747,110238593,110240978,110246303,110252631	nan	TRPV4	nan	nan	0,0,0,0,0,0,0,0,0,0,0,0,0,0,0
26353	HSPB8;NM_014365.3	12	+	119617087	119631693	119617087	119631693	3	119617087,119624799,119631473	119617514,119624923,119631693	nan	HSPB8	nan	nan	0,0,0
1337	COX6A1;NM_004373.4	12	+	120875899	120878370	120875899	120878370	3	120875899,120876151,120878226	120876062,120876354,120878370	nan	COX6A1	nan	nan	0,0,0
51062	ATL1;NM_001127713.1ATL1;NM_015915.5	14	+	51026953	51099087	51026953	51099087	27	51026953,51026953,51054518,51054518,51057628,51057628,51058222,51058222,51060533,51060533,51062263,51062263,51079946,51079946,51081060,51081060,51087286,51087286,51088530,51088530,51089864,51089864,51094718,51094718,51096682,51098916,51098916	51027047,51027047,51054826,51054826,51057823,51057823,51058387,51058387,51060644,51060644,51062380,51062380,51080099,51080099,51081259,51081259,51087474,51087474,51088647,51088647,51089996,51089996,51095210,51095210,51096757,51099087,51099087	nan	ATL1	nan	nan	0,0,0,0,0,0,0,0,0,0,0,0,0,0,0,0,0,0,0,0,0,0,0,0,0,0,0
9517	SPTLC2;NM_004863.4	14	-	77978596	78082952	77978596	78082952	12	77978596,77984350,77987758,78018408,78021612,78023353,78028708,78036696,78043079,78045267,78063498,78082760	77978776,77984540,77987954,78018595,78021892,78023519,78028862,78036881,78043288,78045482,78063753,78082952	nan	SPTLC2	nan	nan	0,0,0,0,0,0,0,0,0,0,0,0
10516	FBLN5;NM_006329.4	14	-	92336537	92413603	92336537	92413603	11	92336537,92343800,92347605,92349267,92353506,92357534,92361263,92403260,92406878,92409220,92413526	92336759,92344056,92347792,92349450,92353686,92357711,92361446,92403575,92406990,92409335,92413603	nan	FBLN5	nan	nan	0,0,0,0,0,0,0,0,0,0,0
7443	VRK1;NM_003384.3	14	+	97299778	97347575	97299778	97347575	12	97299778,97304068,97312401,97313563,97319137,97319380,97321530,97322436,97322834,97326863,97342336,97347483	97299998,97304184,97312531,97313711,97319306,97319533,97321723,97322617,97322953,97327102,97342487,97347575	nan	VRK1	nan	nan	0,0,0,0,0,0,0,0,0,0,0,0
1778	DYNC1H1;NM_001376.5	14	+	102430998	102516930	102430998	102516930	78	102430998,102442018,102445625,102446025,102446670,102449325,102449688,102451993,102453759,102455009,102457833,102460490,102460979,102461292,102461487,102463341,102466295,102466592,102467260,102467451,102467841,102468843,102469098,102470824,102471068,102471348,102472194,102473314,102474484,102476149,102476582,102477046,102478181,102478620,102481411,102482162,102482655,102483072,102483394,102483689,102484757,102486199,102489057,102492880,102493480,102493689,102493925,102494243,102495845,102496125,102496468,102498578,102499371,102499575,102500282,102500631,102502795,102504766,102505004,102505307,102505718,102505944,102506542,102506904,102507880,102508319,102508534,102508690,102508941,102510181,102510580,102510901,102514123,102514822,102515746,102516020,102516377,102516741	102431314,102442166,102445859,102446341,102446917,102449657,102449976,102453130,102453999,102455219,102458040,102460691,102461216,102461463,102461667,102463641,102466511,102466766,102467431,102467721,102468048,102469070,102469332,102471050,102471317,102471603,102472537,102473475,102474704,102476453,102476826,102477319,102478480,102478837,102481699,102482453,102482856,102483366,102483661,102483871,102484983,102486423,102489247,102493074,102493655,102493911,102494200,102494508,102496079,102496305,102496649,102498834,102499549,102499851,102500555,102500819,102503009,102504973,102505215,102505621,102505913,102506099,102506777,102507040,102508101,102508491,102508655,102508874,102509115,102510412,102510858,102511065,102514395,102515036,102515949,102516249,102516565,102516930	nan	DYNC1H1	nan	nan	0,0,0,0,0,0,0,0,0,0,0,0,0,0,0,0,0,0,0,0,0,0,0,0,0,0,0,0,0,0,0,0,0,0,0,0,0,0,0,0,0,0,0,0,0,0,0,0,0,0,0,0,0,0,0,0,0,0,0,0,0,0,0,0,0,0,0,0,0,0,0,0,0,0,0,0,0,0
64423	INF2;NM_022489.4	14	+	105167672	105181706	105167672	105181706	21	105167672,105169411,105169601,105170222,105172341,105173216,105173559,105174742,105174977,105175587,105175926,105176394,105177243,105177385,105177935,105178739,105179134,105179513,105179751,105180509,105181590	105168123,105169587,105169821,105170316,105172543,105173418,105174369,105174954,105175099,105175750,105176072,105176555,105177374,105177553,105178066,105178920,105179359,105179676,105179973,105181223,105181706	nan	INF2	nan	nan	0,0,0,0,0,0,0,0,0,0,0,0,0,0,0,0,0,0,0,0,0
80208	SPG11;NM_025137.4	15	-	44855288	44955875	44855288	44955875	40	44855288,44856714,44858021,44858384,44859591,44861565,44862692,44864850,44865714,44867069,44875981,44877803,44881419,44884498,44887426,44888250,44888951,44890432,44890798,44892634,44898192,44900611,44903007,44905597,44907530,44912357,44913926,44914387,44914895,44918498,44920836,44921400,44925672,44941033,44943658,44944296,44949262,44951246,44952599,44955558	44855529,44856926,44858237,44858533,44859820,44861733,44862886,44865048,44865973,44867269,44876786,44878078,44881642,44884666,44887687,44888583,44889171,44890601,44891064,44892860,44898319,44900833,44903213,44905764,44907794,44912631,44914162,44914575,44915027,44918735,44921072,44921616,44925865,44941239,44944167,44944494,44949524,44951531,44952844,44955875	nan	SPG11	nan	nan	0,0,0,0,0,0,0,0,0,0,0,0,0,0,0,0,0,0,0,0,0,0,0,0,0,0,0,0,0,0,0,0,0,0,0,0,0,0,0,0
9516	LITAF;NM_001136473.1	16	-	11645548	11650616	11645548	11650616	3	11645548,11647358,11650336	11645690,11647575,11650616	nan	LITAF	nan	nan	0,0,0
16	AARS1;NM_001605.3	16	-	70286593	70316696	70286593	70316696	20	70286593,70287140,70287586,70287791,70288493,70289600,70291905,70292852,70294916,70296218,70298830,70299410,70301531,70302143,70303490,70304068,70305653,70310358,70310838,70316492	70286839,70287314,70287733,70287971,70288667,70289769,70292150,70293119,70295090,70296457,70299035,70299595,70301742,70302312,70303696,70304273,70305905,70310564,70311087,70316696	nan	AARS1	nan	nan	0,0,0,0,0,0,0,0,0,0,0,0,0,0,0,0,0,0,0,0
5376	PMP22;NM_000304.4	17	-	15134203	15164074	15134203	15164074	4	15134203,15142757,15162380,15163936	15134427,15142958,15162540,15164074	nan	PMP22	nan	nan	0,0,0,0
10801	SEPTIN9;NM_001113491.2	17	+	75277587	75494770	75277587	75494770	12	75277587,75303192,75398110,75478195,75483475,75484291,75484778,75486793,75488672,75489031,75493366,75494574	75277666,75303309,75398815,75478447,75483664,75484433,75484976,75486971,75488828,75489188,75493478,75494770	nan	SEPTIN9	nan	nan	0,0,0,0,0,0,0,0,0,0,0,0
7276	TTR;NM_000371.4	18	+	29171835	29178668	29171835	29178668	4	29171835,29172828,29175052,29178500	29171964,29173019,29175248,29178668	nan	TTR	nan	nan	0,0,0,0
1786	DNMT1;NM_001130823.3	19	-	10244312	10305605	10244312	10305605	41	10244312,10244862,10246381,10246766,10247730,10248477,10249084,10250321,10250691,10251426,10251750,10252673,10254411,10256996,10259529,10260098,10260498,10262043,10262395,10264938,10265231,10265550,10266498,10267036,10270303,10270487,10270663,10271029,10273312,10273971,10277243,10278975,10283735,10284516,10286185,10287937,10290832,10290995,10291423,10292686,10305465	10244407,10245013,10246558,10246993,10247986,10248715,10249311,10250523,10251034,10251615,10251895,10252926,10254693,10257230,10259723,10260363,10260674,10262251,10262553,10265185,10265479,10265762,10266651,10267215,10270473,10270628,10270769,10271124,10273454,10274066,10277391,10279070,10283880,10284611,10286324,10288073,10290940,10291275,10291591,10292783,10305605	nan	DNMT1	nan	nan	0,0,0,0,0,0,0,0,0,0,0,0,0,0,0,0,0,0,0,0,0,0,0,0,0,0,0,0,0,0,0,0,0,0,0,0,0,0,0,0,0
1785	DNM2;NM_001005360.3DNM2;NM_001005361.3	19	+	10828888	10941753	10828888	10941753	42	10828888,10828888,10870383,10870383,10883124,10883124,10886348,10886348,10887763,10887763,10893605,10893605,10897209,10897209,10904365,10904365,10906017,10906017,10906706,10908025,10909131,10909131,10912933,10912933,10916561,10916561,10919214,10919214,10922909,10922909,10930625,10930625,10934433,10934433,10935702,10935702,10939681,10939681,10940772,10940772,10941623,10941623	10829109,10829109,10870517,10870517,10883334,10883334,10886612,10886612,10887922,10887922,10893826,10893826,10897412,10897412,10904561,10904561,10906145,10906145,10906905,10908224,10909278,10909278,10913064,10913064,10916673,10916673,10919286,10919286,10923083,10923083,10930795,10930795,10934605,10934605,10935927,10935927,10939974,10939974,10941084,10941084,10941753,10941753	nan	DNM2	nan	nan	0,0,0,0,0,0,0,0,0,0,0,0,0,0,0,0,0,0,0,0,0,0,0,0,0,0,0,0,0,0,0,0,0,0,0,0,0,0,0,0,0,0
57716	PRX;NM_020956.2PRX;NM_181882.3	19	-	40899842	40913869	40899842	40913869	7	40899842,40904433,40904496,40909582,40909582,40913782,40913782	40903907,40904753,40904753,40909799,40909799,40913869,40913869	nan	PRX	nan	nan	0,0,0,0,0,0,0
113278	SLC52A3;NM_033409.4	20	-	741639	746448	741639	746448	4	741639,742314,744111,745821	741912,742498,744677,746448	nan	SLC52A3	nan	nan	0,0,0,0
8888	MCM3AP;NM_003906.5	21	-	47655151	47705230	47655151	47705230	28	47655151,47656712,47660694,47662685,47663348,47664690,47666190,47666511,47671412,47674275,47674659,47676672,47678822,47680676,47681163,47684000,47685204,47685808,47686865,47690284,47692444,47693271,47695069,47697410,47699876,47700380,47703498,47703951	47655370,47656923,47660961,47662875,47663666,47665141,47666348,47666830,47671626,47674470,47674788,47676930,47679035,47680850,47681355,47684161,47685467,47686110,47687086,47690507,47692773,47693529,47695269,47697661,47700081,47700519,47703782,47705230	nan	MCM3AP	nan	nan	0,0,0,0,0,0,0,0,0,0,0,0,0,0,0,0,0,0,0,0,0,0,0,0,0,0,0,0
400916	CHCHD10;NM_213720.3	22	-	24108163	24110091	24108163	24110091	4	24108163,24108284,24109530,24109990	24108243,24108492,24109810,24110091	nan	CHCHD10	nan	nan	0,0,0,0
4744	NEFH;NM_021076.4	22	+	29876221	29886722	29876221	29886722	4	29876221,29879333,29881681,29884807	29877164,29879593,29881866,29886722	nan	NEFH	nan	nan	0,0,0,0
22880	MORC2;NM_001303256.3	22	-	31322759	31363905	31322759	31363905	26	31322759,31323975,31328315,31328501,31328845,31329422,31330016,31330737,31331204,31332467,31332888,31333539,31333771,31334021,31335577,31335915,31336714,31337389,31337847,31338068,31342297,31345707,31346332,31352718,31354596,31363777	31322888,31324224,31328469,31328786,31329047,31329537,31330208,31331178,31331339,31332660,31333054,31333728,31333986,31334222,31335723,31336058,31336854,31337575,31338019,31338288,31342466,31345858,31346461,31352813,31354710,31363905	nan	MORC2	nan	nan	0,0,0,0,0,0,0,0,0,0,0,0,0,0,0,0,0,0,0,0,0,0,0,0,0,0
6305	SBF1;NM_002972.4	22	-	50885540	50913299	50885540	50913299	41	50885540,50885720,50885920,50886631,50886941,50892910,50893212,50893414,50893622,50893879,50894614,50894890,50895432,50897653,50897868,50898350,50898670,50898932,50899557,50899921,50900194,50900345,50900603,50900957,50901268,50901681,50902727,50902932,50903217,50903399,50903613,50904161,50904359,50904548,50904748,50905003,50905736,50905930,50906184,50906774,50913184	50885699,50885912,50886068,50886903,50887109,50893201,50893403,50893601,50893868,50894041,50894854,50895132,50895570,50897851,50898125,50898618,50898867,50899171,50899745,50900177,50900328,50900578,50900932,50901176,50901397,50901891,50902900,50903197,50903376,50903588,50903787,50904299,50904533,50904717,50904941,50905169,50905907,50906149,50906382,50906920,50913299	nan	SBF1	nan	nan	0,0,0,0,0,0,0,0,0,0,0,0,0,0,0,0,0,0,0,0,0,0,0,0,0,0,0,0,0,0,0,0,0,0,0,0,0,0,0,0,0
2705	GJB1;NM_000166.6	X	+	70443527	70444439	70443527	70444439	1	70443527	70444439	nan	GJB1	nan	nan	0
538	ATP7A;NM_000052.7	X	+	77227108	77302097	77227108	77302097	22	77227108,77243707,77244698,77253944,77258539,77264568,77266642,77266915,77268345,77270128,77271220,77275710,77276411,77284716,77286867,77289072,77294303,77296058,77298052,77298784,77300936,77301760	77227288,77244257,77245484,77254211,77258763,77264790,77266779,77267201,77268639,77270280,77271408,77275925,77276606,77284971,77287110,77289349,77294510,77296261,77298316,77298962,77301099,77302097	nan	ATP7A	nan	nan	0,0,0,0,0,0,0,0,0,0,0,0,0,0,0,0,0,0,0,0,0,0
5631	PRPS1;NM_002764.4	X	+	106871828	106893292	106871828	106893292	7	106871828,106882494,106884101,106885565,106888376,106890805,106893139	106872010,106882738,106884260,106885750,106888610,106891025,106893292	nan	PRPS1	nan	nan	0,0,0,0,0,0,0
9131	AIFM1;NM_004208.4	X	-	129263501	129299660	129263501	129299660	16	129263501,129263914,129265619,129267257,129269989,129270587,129271022,129272537,129273739,129274477,129279423,129281437,129281696,129283413,129290404,129299494	129263633,129264171,129265804,129267460,129270190,129270736,129271190,129272706,129273876,129274622,129279574,129281628,129281881,129283573,129290607,129299660	nan	AIFM1	nan	nan	0,0,0,0,0,0,0,0,0,0,0,0,0,0,0,0
