#bin	name	chrom	strand	txStart	txEnd	cdsStart	cdsEnd	exonCount	exonStarts	exonSEnds	score	name2	cdsStartStat	cdsEndStat	exonFrames
9453	GGPS1;NM_004837.4	1	+	235498569	235506097	235498569	235506097	3	235498569,235505012,235505315	235498659,235505103,235506097	nan	GGPS1	nan	nan	0,0,0
129446	XIRP2;NM_152381.6	2	+	167759982	168110646	167759982	168110646	9	167759982,167992408,168067234,168074665,168096354,168097163,168098276,168099068,168110531	167760410,167992582,168067415,168074820,168096485,168097256,168098430,168108467,168110646	nan	XIRP2	nan	nan	0,0,0,0,0,0,0,0,0
2960	GTF2E1;NM_005513.3	3	+	120469389	120500327	120469389	120500327	4	120469389,120489564,120495259,120499879	120469857,120489786,120495521,120500327	nan	GTF2E1	nan	nan	0,0,0,0
5984	RFC4;NM_002916.4	3	-	186507747	186522512	186507747	186522512	10	186507747,186507920,186508104,186509503,186510268,186510582,186512436,186515313,186518895,186522361	186507863,186508054,186508205,186509649,186510409,186510746,186512576,186515413,186518994,186522512	nan	RFC4	nan	nan	0,0,0,0,0,0,0,0,0,0
5981	RFC1;NM_002913.5	4	-	39290370	39367871	39290370	39367871	25	39290370,39291457,39293248,39297223,39301630,39301869,39303887,39304109,39304346,39304669,39306423,39308201,39310245,39313054,39314361,39318524,39321992,39322896,39324949,39328172,39329133,39343954,39347010,39352957,39367848	39290474,39291669,39293482,39297389,39301768,39302044,39304006,39304225,39304504,39304781,39306558,39308331,39310662,39313179,39314561,39318652,39322299,39323004,39325047,39328270,39329386,39344097,39347106,39353106,39367871	nan	RFC1	nan	nan	0,0,0,0,0,0,0,0,0,0,0,0,0,0,0,0,0,0,0,0,0,0,0,0,0
84570	COL25A1;NM_198721.4	4	-	109735072	110223185	109735072	110223185	36	109735072,109738542,109740397,109745319,109746341,109748280,109753525,109762840,109765664,109766334,109767284,109769904,109773381,109774047,109780801,109782072,109783646,109784464,109790233,109805323,109810366,109810846,109817812,109820299,109822264,109839317,109841723,109858953,109861684,109862511,109895512,109895678,109931503,109971272,110221728,110222868	109735095,109738601,109740495,109745393,109746388,109748354,109753599,109762887,109765735,109766417,109767385,109769969,109773446,109774091,109780899,109782137,109783711,109784553,109790316,109805388,109810422,109810899,109817877,109820346,109822338,109839382,109841770,109859009,109861812,109862603,109895559,109895725,109931541,109971345,110221818,110223185	nan	COL25A1	nan	nan	0,0,0,0,0,0,0,0,0,0,0,0,0,0,0,0,0,0,0,0,0,0,0,0,0,0,0,0,0,0,0,0,0,0,0,0
201973	PRIMPOL;NM_152683.4	4	+	185578284	185615943	185578284	185615943	12	185578284,185580483,185582917,185587060,185593316,185599375,185603391,185606552,185606719,185612642,185612809,185615665	185578484,185580601,185583067,185587228,185593624,185599558,185603500,185606662,185606848,185612745,185612876,185615943	nan	PRIMPOL	nan	nan	0,0,0,0,0,0,0,0,0,0,0,0
54888	NSUN2;NM_017755.6	5	-	6600028	6633102	6600028	6633102	19	6600028,6602563,6604240,6604707,6605375,6606922,6607302,6609928,6611057,6611827,6616829,6618052,6620208,6622118,6623316,6625666,6631975,6632701,6632986	6600355,6602623,6604399,6604808,6605531,6607035,6607507,6610045,6611208,6611921,6616980,6618147,6620421,6622223,6623408,6625792,6632100,6632879,6633102	nan	NSUN2	nan	nan	0,0,0,0,0,0,0,0,0,0,0,0,0,0,0,0,0,0,0
63915	BLOC1S5;NM_201280.3	6	-	8015871	8064619	8015871	8064619	5	8015871,8026589,8041361,8062756,8064487	8016071,8026668,8041511,8062859,8064619	nan	BLOC1S5	nan	nan	0,0,0,0,0
8449	DHX16;NM_003587.5	6	-	30621008	30640628	30621008	30640628	20	30621008,30622472,30622941,30623201,30623964,30624157,30624363,30624718,30627238,30627502,30627798,30630393,30630677,30632567,30632837,30633245,30638176,30638556,30638802,30640401	30621157,30622666,30623123,30623384,30624052,30624296,30624546,30624879,30627411,30627621,30628029,30630529,30630808,30632779,30633061,30633520,30638253,30638739,30639061,30640628	nan	DHX16	nan	nan	0,0,0,0,0,0,0,0,0,0,0,0,0,0,0,0,0,0,0,0
10973	ASCC3;NM_006828.4	6	-	100957251	101315883	100957251	101315883	41	100957251,100957797,100960574,100964045,100965856,100988028,101037499,101037813,101049675,101053433,101054605,101054816,101073057,101075455,101075707,101076880,101078993,101086466,101090446,101091896,101094480,101095091,101098403,101099425,101100590,101103564,101109671,101110210,101127483,101163327,101165940,101173404,101214430,101215010,101246578,101247296,101248165,101253625,101296013,101311929,101315773	100957419,100957993,100960804,100964213,100966028,100988273,101037654,101037945,101049821,101053586,101054746,101054974,101073220,101075596,101075873,101077067,101079099,101086707,101090635,101092015,101094655,101095337,101098600,101099532,101100775,101103704,101109916,101110422,101127638,101163419,101166137,101173589,101214591,101215231,101246724,101247458,101248390,101253766,101296593,101312100,101315883	nan	ASCC3	nan	nan	0,0,0,0,0,0,0,0,0,0,0,0,0,0,0,0,0,0,0,0,0,0,0,0,0,0,0,0,0,0,0,0,0,0,0,0,0,0,0,0,0
5982	RFC2;NM_181471.3	7	-	73646425	73668723	73646425	73668723	11	73646425,73649851,73651681,73653242,73654257,73657465,73660981,73663331,73664058,73666748,73668590	73646556,73649985,73651782,73653328,73654435,73657586,73661103,73663458,73664120,73666838,73668723	nan	RFC2	nan	nan	0,0,0,0,0,0,0,0,0,0,0
7516	XRCC2;NM_005431.2	7	-	152345716	152373174	152345716	152373174	3	152345716,152357775,152373115	152346458,152357877,152373174	nan	XRCC2	nan	nan	0,0,0
6840	SVIL;NM_021738.3	10	-	29747165	29843997	29747165	29843997	35	29747165,29747352,29751195,29752410,29754513,29756660,29759194,29760056,29762756,29769455,29770502,29773574,29775003,29775328,29776081,29777519,29779765,29782132,29783832,29784010,29788034,29801653,29811328,29812369,29813390,29815879,29818623,29819525,29820172,29820920,29821447,29824907,29839515,29843701,29843969	29747272,29747528,29751340,29752574,29754689,29756814,29759422,29760182,29762928,29769752,29770667,29773770,29775169,29775496,29776238,29777695,29779958,29782330,29783939,29784120,29788202,29801800,29811574,29812966,29813654,29815995,29818783,29819607,29820227,29821111,29822397,29825008,29840202,29843873,29843997	nan	SVIL	nan	nan	0,0,0,0,0,0,0,0,0,0,0,0,0,0,0,0,0,0,0,0,0,0,0,0,0,0,0,0,0,0,0,0,0,0,0
64376	IKZF5;NM_001372123.1	10	-	124753285	124758151	124753285	124758151	3	124753285,124755499,124757998	124754249,124755702,124758151	nan	IKZF5	nan	nan	0,0,0
4654	MYOD1;NM_002478.5	11	+	17741319	17743065	17741319	17743065	3	17741319,17742438,17742791	17741969,17742537,17743065	nan	MYOD1	nan	nan	0,0,0
4633	MYL2;NM_000432.4	12	-	111348870	111358343	111348870	111358343	7	111348870,111350889,111351039,111351979,111353508,111356897,111358320	111348989,111350958,111351138,111352104,111353604,111357007,111358343	nan	MYL2	nan	nan	0,0,0,0,0,0,0
5985	RFC5;NM_007370.7	12	+	118454622	118469093	118454622	118469093	11	118454622,118456866,118457426,118458700,118460080,118462645,118463541,118464683,118465747,118467565,118468976	118454707,118456951,118457583,118458800,118460174,118462825,118463643,118464833,118465845,118467640,118469093	nan	RFC5	nan	nan	0,0,0,0,0,0,0,0,0,0,0
5983	RFC3;NM_002915.4	13	+	34392305	34410442	34392305	34410442	9	34392305,34395258,34398043,34399915,34403962,34404845,34405382,34409274,34410230	34392412,34395416,34398131,34400033,34404164,34405002,34405501,34409364,34410442	nan	RFC3	nan	nan	0,0,0,0,0,0,0,0,0
3714	JAG2;NM_002226.5	14	-	105609021	105634767	105609021	105634767	26	105609021,105609808,105611256,105612057,105612711,105612937,105613652,105613826,105614098,105614442,105614652,105615071,105615263,105615496,105616930,105617191,105617317,105617609,105617952,105618264,105618487,105621888,105622064,105624032,105634083,105634681	105609517,105609985,105611408,105612320,105612847,105613071,105613758,105613874,105614235,105614576,105614786,105615205,105615436,105615667,105617124,105617258,105617451,105617743,105618086,105618404,105618638,105621969,105622336,105624110,105634454,105634767	nan	JAG2	nan	nan	0,0,0,0,0,0,0,0,0,0,0,0,0,0,0,0,0,0,0,0,0,0,0,0,0,0
5888	RAD51;NM_002875.5	15	+	40990946	41023386	40990946	41023386	9	40990946,40993251,40998364,41001212,41010992,41020898,41021692,41022040,41023242	40991053,40993409,40998502,41001324,41011107,41021032,41021842,41022182,41023386	nan	RAD51	nan	nan	0,0,0,0,0,0,0,0,0
4734	NEDD4;NM_006154.4	15	-	56122084	56285763	56122084	56285763	29	56122084,56122701,56125195,56126225,56126414,56129976,56130294,56130696,56132634,56132793,56134121,56139156,56140559,56140708,56140993,56142729,56144611,56148318,56152594,56152848,56155100,56161766,56164602,56166145,56216833,56243563,56243698,56258660,56285698	56122207,56122794,56125312,56126353,56126494,56130057,56130388,56130812,56132725,56132935,56134371,56139242,56140638,56140783,56141094,56142950,56144751,56148404,56152782,56152986,56155287,56161889,56164684,56166216,56216907,56243622,56243797,56258754,56285763	nan	NEDD4	nan	nan	0,0,0,0,0,0,0,0,0,0,0,0,0,0,0,0,0,0,0,0,0,0,0,0,0,0,0,0,0
63922	CHTF18;NM_022092.3	16	+	838674	847985	838674	847985	22	838674,838920,839199,839536,840166,840336,840514,841150,841840,842213,842428,842707,842955,843133,844043,845121,845674,845936,846706,846950,847683,847828	838785,839135,839370,839725,840279,840409,840676,841380,841958,842357,842600,842821,843074,843284,844211,845366,845844,846087,846871,847102,847761,847985	nan	CHTF18	nan	nan	0,0,0,0,0,0,0,0,0,0,0,0,0,0,0,0,0,0,0,0,0,0
2671	GFER;NM_005262.3	16	+	2034209	2036039	2034209	2036039	3	2034209,2034737,2035856	2034487,2034954,2036039	nan	GFER	nan	nan	0,0,0
284119	CAVIN1;NM_012232.6	17	-	40556694	40575125	40556694	40575125	2	40556694,40574634	40557416,40575125	nan	CAVIN1	nan	nan	0,0
284439	SLC25A42;NM_178526.5	19	+	19206923	19221695	19206923	19221695	7	19206923,19212579,19215711,19216359,19217067,19218692,19221367	19207024,19212705,19215757,19216546,19217204,19218864,19221695	nan	SLC25A42	nan	nan	0,0,0,0,0,0,0
7125	TNNC2;NM_003279.3	20	-	44451976	44455897	44451976	44455897	6	44451976,44452619,44452920,44453123,44453411,44455874	44452028,44452776,44453055,44453287,44453483,44455897	nan	TNNC2	nan	nan	0,0,0,0,0,0
10785	WDR4;NM_018669.6	21	-	44270148	44299615	44270148	44299615	11	44270148,44272354,44273668,44274661,44275781,44279761,44282381,44283539,44293650,44296801,44299506	44270362,44272444,44273872,44274746,44275900,44279842,44282514,44283716,44293811,44296887,44299615	nan	WDR4	nan	nan	0,0,0,0,0,0,0,0,0,0,0
8776	MTMR1;NM_001306144.3	X	+	149861993	149931212	149861993	149931212	16	149861993,149867657,149880803,149887086,149895676,149896145,149898570,149898986,149899931,149901003,149905056,149905703,149912822,149919191,149924150,149931027	149862159,149867783,149880847,149887182,149895791,149896273,149898692,149899090,149900101,149901212,149905262,149905930,149912935,149919325,149924347,149931212	nan	MTMR1	nan	nan	0,0,0,0,0,0,0,0,0,0,0,0,0,0,0,0
