#bin	name	chrom	strand	txStart	txEnd	cdsStart	cdsEnd	exonCount	exonStarts	exonSEnds	score	name2	cdsStartStat	cdsEndStat	exonFrames
6513	SLC2A1;NM_006516.4	1	-	43392681	43424352	43392681	43424352	10	43392681,43393245,43394572,43394850,43395233,43395513,43396266,43396686,43408866,43424274	43392942,43393509,43394734,43395015,43395481,43395736,43396567,43396907,43409022,43424352	nan	SLC2A1	nan	nan	0,0,0,0,0,0,0,0,0,0
477	ATP1A2;NM_000702.4	1	+	160085621	160111142	160085621	160111142	23	160085621,160090665,160090951,160092972,160093702,160094055,160094895,160097311,160098411,160098739,160099025,160099861,160100181,160104243,160104904,160105193,160105598,160106006,160106329,160106660,160109399,160109652,160111053	160085693,160090830,160091071,160093236,160093876,160094250,160095073,160097640,160098670,160098909,160099220,160100111,160100417,160104440,160105115,160105422,160105813,160106190,160106535,160106851,160109561,160109804,160111142	nan	ATP1A2	nan	nan	0,0,0,0,0,0,0,0,0,0,0,0,0,0,0,0,0,0,0,0,0,0,0
6323	SCN1A;NM_006920.6	2	-	166847724	166930161	166847724	166930161	26	166847724,166850625,166852492,166854517,166856202,166858951,166866198,166868588,166870223,166872086,166892527,166894255,166895902,166897710,166898771,166900181,166901522,166903249,166904106,166905365,166908198,166909331,166911117,166912890,166915047,166929837	166848962,166850956,166852657,166854715,166856316,166859293,166866381,166868822,166870438,166872267,166893070,166894672,166896136,166898009,166898964,166900589,166901867,166903516,166904308,166905489,166908528,166909483,166911306,166913038,166915228,166930161	nan	SCN1A	nan	nan	0,0,0,0,0,0,0,0,0,0,0,0,0,0,0,0,0,0,0,0,0,0,0,0,0,0
25953	PNKD;NM_015488.5	2	+	219135228	219209734	219135228	219209734	10	219135228,219136073,219204475,219204721,219205420,219206226,219206673,219208192,219209147,219209500	219135355,219136302,219204651,219204894,219205539,219206379,219206897,219208339,219209323,219209734	nan	PNKD	nan	nan	0,0,0,0,0,0,0,0,0,0
111	ADCY5;NM_183357.3	3	-	123003424	123167422	123003424	123167422	21	123003424,123005501,123008566,123009929,123014900,123016169,123018936,123021871,123022883,123033051,123036836,123038490,123039565,123044138,123046434,123047460,123049705,123051380,123066598,123071248,123166228	123003613,123005686,123008831,123010253,123015093,123016259,123019172,123022096,123023060,123033199,123036994,123038695,123039648,123044339,123046636,123047679,123049893,123051552,123066780,123071458,123167422	nan	ADCY5	nan	nan	0,0,0,0,0,0,0,0,0,0,0,0,0,0,0,0,0,0,0,0,0
2743	GLRB;NM_000824.5	4	+	157999146	158091910	157999146	158091910	9	157999146,158041677,158043451,158057590,158057925,158059930,158064928,158073839,158091553	157999328,158041844,158043579,158057880,158058068,158060131,158065141,158074192,158091910	nan	GLRB	nan	nan	0,0,0,0,0,0,0,0,0
6507	SLC1A3;NM_004172.5	5	+	36608495	36686401	36608495	36686401	9	36608495,36629521,36671100,36674120,36676963,36679698,36680466,36683935,36686136	36608736,36629719,36671365,36674223,36677316,36679992,36680721,36684130,36686401	nan	SLC1A3	nan	nan	0,0,0,0,0,0,0,0,0
2741	GLRA1;NM_001146040.2	5	-	151202203	151304140	151202203	151304140	9	151202203,151208451,151230920,151234570,151235831,151239315,151266251,151271841,151304024	151202578,151208658,151231195,151234768,151235974,151239599,151266379,151272029,151304140	nan	GLRA1	nan	nan	0,0,0,0,0,0,0,0,0
10846	PDE10A;NM_001130690.3	6	-	165746483	166075531	165746483	166075531	22	165746483,165749581,165752736,165756849,165792652,165801756,165806104,165808639,165809775,165826958,165829646,165832092,165842115,165843744,165844879,165846431,165848694,165862385,165863699,165895772,165956897,166075404	165746646,165749730,165752877,165757021,165792885,165801972,165806315,165808783,165809978,165827205,165829799,165832295,165842227,165843863,165844990,165846647,165848895,165862495,165863880,165895861,165957086,166075531	nan	PDE10A	nan	nan	0,0,0,0,0,0,0,0,0,0,0,0,0,0,0,0,0,0,0,0,0,0
3778	KCNMA1;NM_001161352.2	10	-	78646993	79397430	78646993	79397430	28	78646993,78649178,78651252,78669693,78674663,78704500,78708869,78713528,78729701,78761134,78771694,78778740,78787550,78799255,78832824,78839208,78844364,78846215,78850127,78868208,78869900,78872094,78880700,78943148,78944550,79010922,79163589,79396992	78647303,78649357,78651507,78669884,78674837,78704753,78709154,78713712,78729855,78761368,78771831,78778887,78787679,78799425,78833040,78839338,78844507,78846381,78850298,78868360,78870131,78872230,78880836,78943320,78944704,79011044,79163811,79397430	nan	KCNMA1	nan	nan	0,0,0,0,0,0,0,0,0,0,0,0,0,0,0,0,0,0,0,0,0,0,0,0,0,0,0,0
84896	ATAD1;NM_032810.3	10	-	89514413	89574386	89514413	89574386	9	89514413,89516515,89527399,89530678,89536047,89544196,89550036,89552383,89574164	89514594,89516709,89527510,89530828,89536214,89544457,89550217,89552542,89574386	nan	ATAD1	nan	nan	0,0,0,0,0,0,0,0,0
9152	SLC6A5;NM_004211.5	11	+	20621188	20676444	20621188	20676444	16	20621188,20622644,20625801,20628522,20628994,20636194,20639267,20648223,20649495,20652206,20657822,20658687,20659974,20668349,20673804,20676228	20621251,20623241,20626000,20628714,20629228,20636396,20639460,20648418,20649659,20652391,20657995,20658879,20660134,20668510,20674032,20676444	nan	SLC6A5	nan	nan	0,0,0,0,0,0,0,0,0,0,0,0,0,0,0,0
3736	KCNA1;NM_000217.3	12	+	5020514	5022062	5020514	5022062	1	5020514	5022062	nan	KCNA1	nan	nan	0
112476	PRRT2;NM_145239.3	16	+	29824345	29825989	29824345	29825989	3	29824345,29825623,29825918	29825284,29825816,29825989	nan	PRRT2	nan	nan	0,0,0
6844	VAMP2;NM_014232.3	17	-	8064142	8066227	8064142	8066227	5	8064142,8064760,8064895,8065536,8066165	8064219,8064872,8065114,8065717,8066227	nan	VAMP2	nan	nan	0,0,0,0,0
1453	CSNK1D;NM_139062.4	17	-	80203852	80231287	80203852	80231287	9	80203852,80206720,80207276,80209224,80210279,80210861,80213274,80223531,80231151	80203945,80206920,80207508,80209433,80210510,80211150,80213483,80223702,80231287	nan	CSNK1D	nan	nan	0,0,0,0,0,0,0,0,0
1786	DNMT1;NM_001130823.3	19	-	10244312	10305605	10244312	10305605	41	10244312,10244862,10246381,10246766,10247730,10248477,10249084,10250321,10250691,10251426,10251750,10252673,10254411,10256996,10259529,10260098,10260498,10262043,10262395,10264938,10265231,10265550,10266498,10267036,10270303,10270487,10270663,10271029,10273312,10273971,10277243,10278975,10283735,10284516,10286185,10287937,10290832,10290995,10291423,10292686,10305465	10244407,10245013,10246558,10246993,10247986,10248715,10249311,10250523,10251034,10251615,10251895,10252926,10254693,10257230,10259723,10260363,10260674,10262251,10262553,10265185,10265479,10265762,10266651,10267215,10270473,10270628,10270769,10271124,10273454,10274066,10277391,10279070,10283880,10284611,10286324,10288073,10290940,10291275,10291591,10292783,10305605	nan	DNMT1	nan	nan	0,0,0,0,0,0,0,0,0,0,0,0,0,0,0,0,0,0,0,0,0,0,0,0,0,0,0,0,0,0,0,0,0,0,0,0,0,0,0,0,0
773	CACNA1A;NM_001127221.2	19	-	13318829	13617068	13318829	13617068	47	13318829,13319539,13320095,13321400,13322886,13323167,13323414,13325016,13325284,13335450,13339482,13340865,13342493,13345704,13345992,13346397,13355965,13363774,13365878,13368133,13370347,13372233,13373517,13386633,13387852,13394050,13395851,13397286,13409327,13411333,13414329,13414550,13418565,13418903,13419199,13423452,13427895,13441027,13443652,13445161,13446589,13470389,13476100,13482471,13563659,13565890,13616715	13318892,13319853,13320342,13321496,13323060,13323366,13323584,13325177,13325452,13335616,13339639,13341053,13342704,13345880,13346118,13346574,13356109,13363945,13366103,13368395,13370545,13372454,13373677,13386800,13387972,13394240,13396050,13397810,13410197,13411500,13414457,13414728,13418698,13419095,13419372,13423625,13428165,13441180,13443769,13445337,13446753,13470643,13476313,13482623,13563859,13566056,13617068	nan	CACNA1A	nan	nan	0,0,0,0,0,0,0,0,0,0,0,0,0,0,0,0,0,0,0,0,0,0,0,0,0,0,0,0,0,0,0,0,0,0,0,0,0,0,0,0,0,0,0,0,0,0,0
478	ATP1A3;NM_152296.5	19	-	42471058	42498258	42471058	42498258	23	42471058,42471370,42471783,42472906,42473556,42474306,42474509,42479750,42480537,42482057,42482272,42482727,42485623,42485843,42486029,42489039,42489427,42489985,42490237,42492057,42492439,42492597,42498192	42471147,42471522,42471945,42473097,42473762,42474490,42474724,42479979,42480748,42482254,42482508,42482980,42485818,42486013,42486288,42489368,42489605,42490180,42490411,42492321,42492559,42492744,42498258	nan	ATP1A3	nan	nan	0,0,0,0,0,0,0,0,0,0,0,0,0,0,0,0,0,0,0,0,0,0,0
3785	KCNQ2;NM_172107.4	20	-	62037966	62103846	62037966	62103846	17	62037966,62039735,62044772,62045410,62046225,62050941,62055499,62059689,62062662,62065131,62069947,62070920,62073728,62075981,62076560,62078069,62103490	62038758,62039919,62044964,62045576,62046509,62051055,62055589,62059818,62062752,62065286,62070103,62071091,62073914,62076217,62076747,62078220,62103846	nan	KCNQ2	nan	nan	0,0,0,0,0,0,0,0,0,0,0,0,0,0,0,0,0
