#bin	name	chrom	strand	txStart	txEnd	cdsStart	cdsEnd	exonCount	exonStarts	exonSEnds	score	name2	cdsStartStat	cdsEndStat	exonFrames
4524	MTHFR;NM_005957.4	1	-	11850726	11863183	11850726	11863183	11	11850726,11851253,11852324,11853953,11854404,11854775,11855144,11856252,11860258,11861207,11862927	11850965,11851393,11852446,11854156,11854605,11854930,11855415,11856466,11860389,11861466,11863183	nan	MTHFR	nan	nan	0,0,0,0,0,0,0,0,0,0,0
9378	NRXN1;NM_001135659.2	2	-	50149071	51255421	50149071	51255421	23	50149071,50170831,50280398,50282082,50318450,50463916,50692569,50699425,50723032,50724460,50733622,50755752,50758354,50765380,50779714,50847149,50848332,50850441,50858226,51149782,51153065,51253498,51254629	50149399,50170939,50280738,50282192,50318642,50464118,50692709,50699619,50723243,50724862,50733765,50755799,50758578,50765784,50780173,50847331,50848397,50850765,50858253,51149835,51153103,51253617,51255421	nan	NRXN1	nan	nan	0,0,0,0,0,0,0,0,0,0,0,0,0,0,0,0,0,0,0,0,0,0,0
3033	HADH;NM_005327.4	4	+	108911078	108955523	108911078	108955523	8	108911078,108930904,108935576,108940685,108944619,108948833,108954321,108955384	108911230,108931053,108935754,108940832,108944729,108948926,108954458,108955523	nan	HADH	nan	nan	0,0,0,0,0,0,0,0
100506658	OCLN;NM_002538.3	5	+	68800061	68849508	68800061	68849508	8	68800061,68804957,68809764,68830510,68840720,68843746,68847360,68849386	68800131,68805656,68809946,68830676,68840956,68843938,68847422,68849508	nan	OCLN	nan	nan	0,0,0,0,0,0,0,0
7280	TUBB2A;NM_001069.2	6	-	3154086	3157707	3154086	3157707	4	3154086,3155848,3156267,3157630	3155167,3155979,3156396,3157707	nan	TUBB2A	nan	nan	0,0,0,0
347733	TUBB2B;NM_178012.4	6	-	3224974	3227787	3224974	3227787	4	3224974,3226382,3226784,3227710	3226055,3226513,3226913,3227787	nan	TUBB2B	nan	nan	0,0,0,0
8831	SYNGAP1;NM_006772.2	6	+	33388031	33419693	33388031	33419693	19	33388031,33391243,33393564,33399927,33400451,33402918,33403281,33405434,33406185,33406541,33408495,33408939,33409347,33410219,33410655,33412210,33414341,33415609,33419526	33388118,33391385,33393690,33400039,33400593,33403092,33403400,33406078,33406350,33406706,33408752,33409161,33409546,33410281,33411747,33412404,33414573,33415720,33419693	nan	SYNGAP1	nan	nan	0,0,0,0,0,0,0,0,0,0,0,0,0,0,0,0,0,0,0
9863	MAGI2;NM_012301.3	7	-	77648621	79082646	77648621	79082646	22	77648621,77708253,77755000,77756503,77762195,77764327,77789331,77797222,77807317,77814935,77824180,77830468,77885249,77973084,77975228,77998462,78119067,78130883,78150736,78256425,78636395,79082325	77649303,77708412,77755164,77756743,77762387,77764533,77789600,77797435,77807429,77814997,77824390,77830520,77885908,77973287,77975370,77998540,78119167,78131114,78150972,78256565,78636532,79082646	nan	MAGI2	nan	nan	0,0,0,0,0,0,0,0,0,0,0,0,0,0,0,0,0,0,0,0,0,0
6469	SHH;NM_000193.3	7	-	155595583	155604826	155595583	155604826	3	155595583,155598979,155604506	155596430,155599261,155604826	nan	SHH	nan	nan	0,0,0
79813	EHMT1;NM_024757.4	9	+	140513470	140729415	140513470	140729415	27	140513470,140605408,140611067,140622790,140637812,140638343,140646772,140648612,140652321,140657116,140669550,140671059,140672323,140674076,140676732,140685289,140693254,140695321,140705902,140707447,140707827,140708872,140710388,140711880,140712501,140728790,140729214	140513511,140605492,140611644,140622991,140637990,140638552,140646870,140648753,140652473,140657282,140669714,140671306,140672517,140674179,140676859,140685432,140693376,140695446,140706077,140707635,140707992,140708970,140710524,140711987,140712600,140728986,140729415	nan	EHMT1	nan	nan	0,0,0,0,0,0,0,0,0,0,0,0,0,0,0,0,0,0,0,0,0,0,0,0,0,0,0
3778	KCNMA1;NM_002247.3	10	-	78647013	79397410	78647013	79397410	27	78647013,78649198,78651272,78669713,78674683,78704520,78708889,78713548,78729721,78771714,78778760,78787570,78799275,78832844,78839228,78844384,78846235,78850147,78868228,78869920,78872114,78880720,78943168,78944570,79010942,79163609,79397012	78647283,78649337,78651487,78669864,78674817,78704733,78709134,78713692,78729835,78771811,78778867,78787659,78799405,78833020,78839318,78844487,78846361,78850278,78868340,78870111,78872210,78880816,78943300,78944684,79011024,79163791,79397410	nan	KCNMA1	nan	nan	0,0,0,0,0,0,0,0,0,0,0,0,0,0,0,0,0,0,0,0,0,0,0,0,0,0,0
2746	GLUD1;NM_005271.4	10	-	88811497	88854536	88811497	88854536	13	88811497,88813088,88817437,88818896,88819907,88820434,88820661,88822402,88827809,88834297,88835714,88836322,88854071	88811637,88813171,88817549,88819040,88820008,88820592,88820819,88822602,88827924,88834381,88835790,88836423,88854536	nan	GLUD1	nan	nan	0,0,0,0,0,0,0,0,0,0,0,0,0
7546	ZIC2;NM_007129.3	13	+	100634308	100637946	100634308	100637946	3	100634308,100637189,100637566	100635403,100637373,100637946	nan	ZIC2	nan	nan	0,0,0
2290	FOXG1;NM_005249.4	14	+	29236475	29237965	29236475	29237965	1	29236475	29237965	nan	FOXG1	nan	nan	0
53944	CSNK1G1;NM_022048.4	15	-	64464119	64592708	64464119	64592708	11	64464119,64472536,64495270,64496629,64497053,64499697,64506078,64508750,64543700,64551389,64592507	64464194,64472663,64495398,64496798,64497158,64499803,64506333,64508922,64543790,64551450,64592708	nan	CSNK1G1	nan	nan	0,0,0,0,0,0,0,0,0,0,0
9570	GOSR2;NM_004287.4	17	+	45000548	45016136	45000548	45016136	6	45000548,45006875,45008454,45009422,45012384,45015954	45000597,45006960,45008583,45009575,45012545,45016136	nan	GOSR2	nan	nan	0,0,0,0,0,0
5296	PIK3R2;NM_005027.3	19	+	18266679	18280114	18266679	18280114	15	18266679,18271270,18271718,18271853,18272078,18272765,18273001,18273207,18273766,18274062,18276959,18277929,18279274,18279525,18279886	18267021,18271383,18271789,18272005,18272315,18272871,18273130,18273326,18273967,18274208,18277122,18278126,18279366,18279716,18280114	nan	PIK3R2	nan	nan	0,0,0,0,0,0,0,0,0,0,0,0,0,0,0
10715	CERS1;NM_021267.4	19	-	18981375	19006891	18981375	19006891	7	18981375,18989728,18990039,18991072,18994885,19004214,19006622	18981438,18989858,18990207,18991254,18995086,19004394,19006891	nan	CERS1	nan	nan	0,0,0,0,0,0,0
8813	DPM1;NM_003859.2	20	-	49551658	49575070	49551658	49575070	9	49551658,49552674,49557391,49558557,49562263,49562373,49565155,49571712,49574889	49551783,49552809,49557480,49558673,49562309,49562470,49565209,49571832,49575070	nan	DPM1	nan	nan	0,0,0,0,0,0,0,0,0
23096	IQSEC2;NM_001111125.2	X	-	53263390	53350331	53263390	53350331	15	53263390,53264954,53265493,53267316,53268366,53270955,53272503,53276140,53277285,53277892,53279450,53283701,53284971,53321066,53349604	53264376,53265024,53265687,53267498,53268486,53271101,53272663,53276327,53277428,53278074,53280366,53284123,53285253,53321116,53350331	nan	IQSEC2	nan	nan	0,0,0,0,0,0,0,0,0,0,0,0,0,0,0
79868	ALG13;NM_001099922.2	X	+	110924436	111003237	110924436	111003237	27	110924436,110925349,110928182,110951244,110952182,110954892,110955701,110956442,110961063,110961329,110963312,110964820,110966010,110967015,110968151,110970026,110970549,110970831,110971402,110973612,110973742,110978268,110979931,110987885,110996007,111000805,111002951	110924537,110925532,110928341,110951631,110952286,110954963,110955768,110956535,110961165,110961512,110963408,110964949,110966095,110967136,110968299,110970293,110970683,110971008,110971543,110973665,110973818,110978360,110980117,110988142,110996068,111001000,111003237	nan	ALG13	nan	nan	0,0,0,0,0,0,0,0,0,0,0,0,0,0,0,0,0,0,0,0,0,0,0,0,0,0,0
8450	CUL4B;NM_003588.3	X	-	119660605	119708482	119660605	119708482	21	119660605,119663946,119666266,119668325,119669674,119670771,119671968,119672504,119673112,119674214,119675446,119676810,119677571,119677958,119678325,119679288,119680391,119680980,119691768,119693927,119708395	119660721,119664119,119666459,119668451,119669808,119670899,119672074,119672635,119673237,119674427,119675585,119676898,119677674,119678068,119678508,119679382,119680481,119681104,119691904,119694490,119708482	nan	CUL4B	nan	nan	0,0,0,0,0,0,0,0,0,0,0,0,0,0,0,0,0,0,0,0,0
7547	ZIC3;NM_003413.3	X	+	136648840	136652239	136648840	136652239	3	136648840,136651050,136652039	136649920,136651234,136652239	nan	ZIC3	nan	nan	0,0,0
