#bin	name	chrom	strand	txStart	txEnd	cdsStart	cdsEnd	exonCount	exonStarts	exonSEnds	score	name2	cdsStartStat	cdsEndStat	exonFrames
1373	CPS1;NM_001122633.2	2	+	211342477	211542719	211342477	211542719	39	211342477,211421432,211438011,211441059,211442134,211444427,211447330,211452771,211454819,211455513,211456544,211457592,211459221,211460200,211464085,211465268,211466915,211469815,211471444,211473074,211476830,211481136,211502415,211503863,211504709,211507197,211512576,211513186,211515076,211518738,211521238,211523312,211525198,211527836,211532899,211539615,211540441,211541720,211542600	211342500,211421593,211438141,211441224,211442244,211444504,211447443,211452881,211454968,211455640,211456703,211457690,211459340,211460316,211464295,211465446,211467064,211469980,211471675,211473293,211477027,211481275,211502577,211503949,211504793,211507399,211512791,211513274,211515172,211518836,211521366,211523422,211525389,211527931,211533018,211539695,211540574,211541870,211542719	nan	CPS1	nan	nan	0,0,0,0,0,0,0,0,0,0,0,0,0,0,0,0,0,0,0,0,0,0,0,0,0,0,0,0,0,0,0,0,0,0,0,0,0,0,0
383	ARG1;NM_000045.3	6	+	131894412	131905058	131894412	131905058	8	131894412,131897792,131900240,131902348,131903750,131904189,131904484,131904871	131894489,131897885,131900435,131902528,131903865,131904314,131904641,131905058	nan	ARG1	nan	nan	0,0,0,0,0,0,0,0
435	ASL;NM_000048.3	7	+	65541058	65557909	65541058	65557909	16	65541058,65546779,65547344,65547856,65548053,65551561,65551720,65552310,65552705,65553783,65554067,65554252,65554588,65556982,65557533,65557744	65541090,65546994,65547448,65547933,65548171,65551659,65551818,65552383,65552788,65553918,65554172,65554332,65554692,65557083,65557660,65557909	nan	ASL	nan	nan	0,0,0,0,0,0,0,0,0,0,0,0,0,0,0,0
10165	SLC25A13;NM_001160210.1	7	-	95750492	95951278	95750492	95951278	18	95750492,95750956,95751140,95761044,95775857,95799346,95800773,95813578,95814228,95818595,95818882,95820410,95822338,95838139,95864103,95906497,95926199,95951243	95750699,95751067,95751319,95761203,95776018,95799447,95800846,95813757,95814336,95818700,95818996,95820569,95822505,95838299,95864239,95906660,95926273,95951278	nan	SLC25A13	nan	nan	0,0,0,0,0,0,0,0,0,0,0,0,0,0,0,0,0,0
445	ASS1;NM_000050.4	9	+	133327605	133376418	133327605	133376418	14	133327605,133329681,133333777,133339487,133342101,133346210,133346861,133352247,133355092,133355761,133364709,133370243,133374881,133376352	133327730,133329770,133333986,133339564,133342196,133346301,133346912,133352358,133355197,133355846,133364861,133370420,133374967,133376418	nan	ASS1	nan	nan	0,0,0,0,0,0,0,0,0,0,0,0,0,0
4942	OAT;NM_000274.3	10	-	126086500	126100750	126086500	126100750	9	126086500,126089398,126090284,126091485,126092356,126093994,126097100,126097299,126100531	126086681,126089563,126090418,126091634,126092499,126094142,126097216,126097544,126100750	nan	OAT	nan	nan	0,0,0,0,0,0,0,0,0
10166	SLC25A15;NM_014252.3	13	+	41367352	41383813	41367352	41383813	6	41367352,41373182,41379243,41381419,41382563,41383668	41367427,41373461,41379401,41381609,41382742,41383813	nan	SLC25A15	nan	nan	0,0,0,0,0,0
162417	NAGS;NM_153006.2	17	+	42082021	42085979	42082021	42085979	7	42082021,42082994,42083381,42083886,42084680,42084948,42085805	42082467,42083289,42083615,42084087,42084872,42085151,42085979	nan	NAGS	nan	nan	0,0,0,0,0,0,0
5009	OTC;NM_000531.5	X	+	38211939	38280345	38211939	38280345	10	38211939,38226533,38229038,38240584,38260517,38262860,38267984,38268118,38271104,38280265	38212036,38226692,38229140,38240692,38260691,38263003,38268058,38268288,38271262,38280345	nan	OTC	nan	nan	0,0,0,0,0,0,0,0,0,0
